100
3 33333333332579510450
3 77777777772849386067
1 66666666666653306758 -200131370
3 22222222224710742018
1 66666666662008132338 -9279846
3 22222222221039609464
1 11111111112511759058 398626892
3 88888888888217759160
3 99999999991751084497
1 77777777777717700098 -172909989
1 77777777772638697643 -69402796
1 55555555559467661761 -89367670
1 88888888888271813171 221001806
3 11111111117063632067
1 77777777776628119318 86264798
1 44444444447285824512 182695306
3 22222222220776478533
1 88888888882675951082 -124394762
1 22222222221365246186 21820642
1 11111111114071232418 -425243888
2 2232584306 55555555551604232861
2 22222222229512512269 44444444449909260851
3 33333333338162382294
2 77777777772995636549 77777777775431097287
1 88888888885476698980 -362080097
1 11111111115753691670 -498161097
2 11111111111891594654 66666666662678420454
1 77777777775865792168 79457125
1 33333333332478299742 -329048492
1 55555555557303434052 -229381939
1 22222222224582071648 52893202
1 99999999990937056079 -337930355
1 11111111113211296056 -100413586
1 99999999991114142011 483575912
1 22222222224545937799 48104636
3 88888888887670251836
1 22222222221675225805 296998453
1 4533829176 488981549
2 3137905493 55555555553843252178
3 11111111116858527661
1 55555555551003426571 -433943076
1 77777777773274168363 -482419174
1 11111111118460967946 330565789
1 99999999997605092759 198952152
3 44444444444163881632
2 22222222221723263102 66666666662729634475
1 77777777772422872152 -205419813
3 22222222229681177915
1 33333333337222895070 297476752
1 66666666666395747849 261520507
2 55555555556845507827 77777777772861061562
2 11111111119400330560 33333333333539329739
1 11111111110676310222 -351114953
1 44444444449069620664 54083104
1 88888888884261500741 364876180
2 22222222222751972743 22222222222921903312
1 44444444449226646149 465483751
1 44444444449148884632 419005897
1 99999999999163507209 101102033
1 4272479446 434220410
1 22222222228821806854 473350316
1 55555555555841061947 -19993682
3 88888888887721327004
3 11111111118624929190
2 55555555555601450980 88888888881188699139
1 99999999994214329139 -466901806
3 11111111118050822952
1 22222222221628000448 -445800694
3 66666666668387750945
1 66666666666406202834 -119664799
3 55555555554381337116
3 99999999994071165223
2 11111111115587481193 22222222224007113722
1 66666666668897161269 378947112
1 55555555551026528190 -204626273
3 11111111110247945127
3 11111111111674581449
1 99999999992277897965 -153122749
2 44444444446225605844 66666666669164854936
3 33333333334508687010
1 88888888880482912093 -2568029
1 66666666661127018438 -367421440
3 55555555552991874924
3 44444444444221715014
1 22222222225724788306 -468630683
3 66666666665327312597
1 99999999999221032451 459265830
3 88888888887856808416
3 55555555550862754823
1 88888888884115487106 -80494530
3 55555555557089616774
1 44444444444136277977 -430957578
1 33333333335718898978 -57550658
3 77777777773955776364
1 99999999999396680269 483985456
1 88888888885105605721 -227399815
1 5012310312 -330735609
1 88888888885331849850 40765951
1 3038201559 -128837063
1 7977033129 -381906944
