1000
3 333333333333333257951045069728
1 999999999999999386067066653306 -498439723
3 922471074201836
3 813233848521039
1 946411251175905 261082778
2 111111111111111882177591608591 777777777777777510844970777177
3 981472638697643
1 888888888888888594676617610088 36833652
1 111111111111111813171680170636 396587993
1 674766281193188 197487550
1 777777777777777285824512698207 -414407733
1 444444444444444785336826759510 -49886892
1 888888888888888121365246186241 -380168206
1 777777777777777123241827102232 -49642605
3 333333333333333065160423286118
2 851793816238229 555555555555555125122694990926
2 111111111111111097287885476698 777777777777777729956365497543
3 381575369167032
2 222222222222222678420454118915 999999999999999465477586579216
3 888888888888888324782997428857
1 343405218245820 273563267
1 666666666666666482390937056079 -337930355
1 111111111111111321129605647911 157955831
1 111111111111111420112624545937 -413913903
3 666666666666666978767025183642
1 666666666666666752258053004533 -298675562
2 111111111111111769360313790549 333333333333333538432521786116
1 555555555555555852766135100342 -265931054
3 111111111111111457327416836362
3 444444444444444609679469397605
3 222222222222222759248441638816
1 222222222222222766272963447521 6694717
1 333333333333333263102672422872 -437386259
1 222222222222222741296811779158 463666083
1 222222222222222228950702566395 -454949053
3 888888888888888497625684550782
1 777777777777777286106156278335 -384540507
1 333333333333333297391940033056 -286854650
1 111111111111111067631022272490 -223664154
1 666666666666666206644484261500 -477515003
1 111111111111111047229219033122 -9940358
1 555555555555555197274314922664 -233346114
2 999999999999999134914888463275 999999999999999916350720933042
1 222222222222222479446012882180 -192572454
1 555555555555555463558410619478 17608494
1 888888888888888772132700492186 180257822
1 999999999999999291906355601450 -219041001
1 811886991396942 439493451
1 333333333333333291394391805082 91497872
1 555555555555555202162800044862 -409852274
1 888888888888888387750945466406 366626392
2 666666666666666559407116522344 888888888888888341665438133711
1 555555555555555587481193240071 324929091
2 222222222222222206889716126928 555555555555555102652819072110
1 444444444444444794512735116745 -100230042
1 444444444444444499922778979651 195339599
2 555555555555555493628345086870 666666666666666225605844691648
1 680482912093146 459790681
3 777777777777777018438010529918
1 444444444444444924084422171501 -308286846
1 222222222222222572478830672765 153059503
3 333333333333333125976992210324
1 111111111111111015878568084162 33611617
1 862754823184115 224955324
3 111111111111111060935708961677
2 111111111111111889897820973955 444444444444444413627797722357
2 666666666666666364599396680269 666666666666666385105605721540
1 123103121985331 172964938
2 777777777777777207977033129625 888888888888888501303038201559
1 999999999999999478302741089788 -174989855
1 444444444444444612998229191921 277836127
1 666666666666666883720474805712 -300520528
1 666666666666666202112817562308 212760136
2 333333333333333857081982096051 444444444444444849592969188104
1 111111111111111747697371795082 209948229
1 222222222222222322402574015783 386057088
2 333333333333333021577530681626 555555555555555175513943308302
2 777777777777777675997452587827 999999999999999445612141392881
1 222222222222222919382743487284 -384722615
3 666666666666666734882924491351
1 555555555555555075582102108497 328563482
1 999999999999999461915188148844 -412232067
3 222222222222222527528270552075
1 666666666666666651271449953882 276841112
1 555555555555555660620901215765 105884557
1 999999999999999557941249528112 258903547
3 888888888888888983694586851633
1 777777777777777942725633207509 481187905
1 333333333333333467547677818219 -68751704
1 222222222222222999744981591936 -27152579
3 333333333333333738790257010248
2 333333333333333360665939874552 888888888888888805274010377697
1 444444444444444200412180611081 -10981552
3 777777777777777919746904531267
2 222222222222222545245161164062 333333333333333716736258341207
1 67023944107510 148116258
1 999999999999999354021683564857 -124416311
3 555555555555555233452462612588
1 111111111111111540860061717932 -134102472
3 777777777777777769487074261681
1 444444444444444422026067722198 -336706522
1 888888888888888795794014596427 -209985299
2 222222222222222449200710822138 888888888888888954054020106427
3 555555555555555779913226442140
1 999999999999999082419698688523 -50854944
3 500214365089430
1 222222222222222185553228429457 381843435
1 444444444444444074160828237381 -107321192
1 555555555555555559215084391946 -243388326
1 666666666666666620556181809001 -79324264
1 333333333333333971161158846347 276072522
1 444444444444444089572872979989 191596088
2 222222222222222771483898081471 555555555555555825610029042625
3 646262765898496
1 777777777777777345411937765745 -236048505
1 744288868650964 130414146
1 444444444444444670459516076029 -2781023
1 999999999999999294844864291141 -461026657
1 222222222222222041786035759098 64428177
1 222222222222222370668444093838 -50393198
2 222222222222222391588769726386 222222222222222654027285205178
2 222222222222222307088537284744 777777777777777555379361186279
2 111111111111111867347967736026 777777777777777229509551357087
3 555555555555555900746700376226
1 888888888888888839717599090961 233986897
3 222222222222222344259514021305
1 666666666666666856906821451016 50734792
3 333333333333333197608981560122
2 888888888888888120151982106688 999999999999999621860598366190
1 111111111111111545622059864197 -217323171
1 777777777777777100038484033392 -331710054
1 555555555555555237996329916761 233949665
2 444444444444444053032631142208 444444444444444181245259489584
1 555555555555555716769262275470 400618749
2 222222222222222570118962557685 333333333333333900362740618192
2 460435698341044 878382523937435
1 222222222222222837692387785184 263364174
1 888888888888888896281968738623 -300907947
1 555555555555555080675269422457 450561686
1 111111111111111100996444204044 -338600095
3 666666666666666133800744151533
2 333333333333333578577480034981 777777777777777523165037936278
1 111111111111111987733914845907 74361194
3 333333333333333926002547057631
3 333333333333333768891663592226
1 111111111111111990157396701355 227640469
2 363422231060894 999999999999999975149392541156
1 555555555555555315231338286006 -331330598
1 222222222222222614772899065501 -48588140
1 555555555555555838793729643365 147866954
2 57448986370037 222222222222222729019102721414
1 444444444444444357039197267276 417636926
3 333333333333333904513916772931
2 444444444444444348142260139292 666666666666666424271693646216
1 555555555555555159117804586304 -54209520
1 333333333333333327142806584680 224441212
1 179820907807763 249483247
3 111111111111111647126162956166
3 914445764257000
1 444444444444444467803383010938 129439231
2 666666666666666030408592196728 999999999999999605534068687939
1 777777777777777816450175313740 193976585
1 444444444444444425242027175678 -94869444
1 555555555555555041078807986571 487657134
2 464625465413490 666666666666666450515066064713
1 777777777777777825695264075829 315235807
3 999999999999999289128296401282
1 876243916701719 260674391
1 777777777777777759763067169564 -268137972
1 666666666666666016621027963577 -356465887
1 444444444444444616236020957504 207651433
1 999999999999999637921482575790 -418056247
1 111111111111111392561541913740 -467958651
1 999999999999999524036423469438 -464470941
1 444444444444444198875835343133 -376358654
1 555555555555555115490930398123 178717234
1 555555555555555465798347919727 -99739891
1 222222222222222717038490069570 -364443100
2 111111111111111827180351997926 555555555555555054682369849876
1 222222222222222905150934625115 -294779839
1 777777777777777874936474884279 -470666112
1 444444444444444772857608388726 72217753
2 222222222222222143213928314092 666666666666666297961367051514
1 890245222052584 -258657005
1 444444444444444880549217158881 179176114
3 435321009013688
2 555555555555555974097929000790 888888888888888868838895111461
1 333333333333333891854113597442 173989692
2 986691910524622 888888888888888152623823662800
1 888888888888888784606639537689 -169026519
1 666666666666666281442121715618 -452694416
2 111111111111111462369318902295 666666666666666284467552155338
1 333333333333333817101103339944 -191667463
1 609736364632235 111563626
1 222222222222222899129723727582 -54931356
3 666666666666666470370116344287
3 222222222222222207343623251806
3 666666666666666595769074921168
2 333333333333333510766395783902 888888888888888042997386459080
1 111111111111111014479427559012 211678578
1 737272459516643 -36296836
3 666666666666666399738585895745
1 999999999999999332625655150734 -92838291
1 111111111111111954646293685323 -95693821
1 555555555555555349210781582594 495158821
1 999999999999999605761395742804 462207210
1 888888888888888352256573092540 -453239002
2 777777777777777154983610848335 777777777777777799654329189879
1 222222222222222678160039156002 -258189719
1 666666666666666895879525915390 -273984651
2 333333333333333507987297228813 666666666666666539325424283929
1 444444444444444369084621996165 -210220575
1 111111111111111693942604288353 -102808589
1 666666666666666570650493867347 452079128
3 222222222222222589351398284868
1 333333333333333076457890720724 204373139
1 777777777777777974366867136509 212188424
3 777777777777777080798417694961
2 222222222222222730868131860693 888888888888888033219334249838
3 666666666666666390824450050838
3 751452348852604
1 666666666666666512176937251523 -129999811
3 999999999999999356529346193929
1 222222222222222667279255308893 291964340
1 555555555555555600922541847919 -128365265
2 444444444444444037972360815544 999999999999999127954360055848
1 222222222222222353555381932864 408247556
3 555555555555555748366666274559
2 777777777777777781987614915644 888888888888888113048144941815
1 222222222222222245818865401707 -358997576
1 111111111111111487493730701340 -226576807
1 333333333333333637398556104132 -95201017
2 333333333333333892939448511579 888888888888888758141923749801
3 555555555555555002627887151550
1 999999999999999554284852581086 337319764
1 777777777777777882855868871249 -55401807
1 874833914170452 411262802
2 52276900007561 111111111111111465362750986106
1 444444444444444108503248297390 190612409
1 999999999999999946994653735244 -209319742
1 666666666666666484257686596984 119177712
1 498603608654576 -349129909
1 777777777777777857672130613503 69852375
1 555555555555555685683537487245 -6178988
1 111111111111111789360893069300 179680084
2 333333333333333988809787562540 666666666666666202036429602555
2 333333333333333851144353143415 888888888888888258815571695890
1 333333333333333253797421963627 -167952201
3 999999999999999043975504077686
1 999999999999999122397884477247 236488323
1 222222222222222727522963181803 42861739
1 777777777777777464022112046116 118621381
1 777777777777777353273176003273 210003893
1 444444444444444570908375945358 337735581
1 444444444444444203582075333604 -430033919
1 222222222222222809838212547505 -218358257
1 609430859103547 -249206463
3 619163278600526
2 555555555555555371183904258795 666666666666666411255911517493
2 501363160917099 888888888888888025187068866009
3 222222222222222949418346587913
2 591504701600259 111111111111111453121455440245
2 88822553152732 555555555555555217249725266220
3 999999999999999825438377165297
1 690485877695166 -157654364
1 999999999999999678698310005840 -70529378
3 333333333333333326631392422851
1 666666666666666162637519537657 332843325
1 999999999999999901824625933057 -498794876
1 333333333333333620480061367942 77586177
2 777777777777777028407505673570 888888888888888431843143532878
3 666666666666666355435018219410
2 111111111111111138357966263139 444444444444444967823080225220
3 222222222222222706096708594124
3 777777777777777286007346057303
1 222222222222222716202940662135 -396156887
1 215370621084296 286205294
1 555555555555555017925003986394 -428646054
1 222222222222222387478883363637 327861438
1 888888888888888853414143247438 -411757755
2 111111111111111728490039932618 444444444444444879728027237559
1 888888888888888002087353998866 480340949
1 111111111111111177652610233375 -122440188
1 444444444444444571168506111619 86178273
1 468866666776001 23919352
1 888888888888888299713041378416 -476067250
3 111111111111111674796928482443
3 888888888888888289372964327967
3 333333333333333036680463689291
1 888888888888888289807919021241 -421798728
1 444444444444444755228570053509 -451720241
1 555555555555555854516186820597 -358301275
1 444444444444444069024340865095 -226054640
1 222222222222222210708216117399 -202689556
1 444444444444444003593510248913 297958437
1 444444444444444426420594385558 -132520731
2 666666666666666362703505004601 999999999999999029840444282897
3 999999999999999583595279801039
3 555555555555555210035125151810
1 888888888888888689741313275215 269930433
1 555555555555555567959450106866 310035308
1 222222222222222000002110646702 324793296
2 666666666666666397409409871108 777777777777777097137822756510
1 333333333333333535787071357132 -356569846
1 111111111111111398542646097825 -427446078
1 444444444444444316517037260744 -207418713
1 222222222222222873283714123621 445688666
1 999999999999999514242154591857 463446225
3 493146141575859
1 333333333333333364988357862536 -326481397
2 444444444444444980918446915549 666666666666666482058224185001
1 111111111111111773875841138822 -485664897
1 222222222222222580070697231098 -418962293
1 777777777777777346204558409872 -276454360
1 111111111111111170152512185066 -125140494
2 333333333333333661346135570694 999999999999999198743572948408
3 777777777777777765448432273157
2 180808709208822 444444444444444892775544866221
1 333333333333333416860738854217 -495953277
1 555555555555555443705168745366 417402723
1 222222222222222912591580790867 -369121325
1 666666666666666652074024559935 289955775
1 444444444444444569060734704150 359009411
2 555555555555555146696634663509 999999999999999684276100347078
2 222222222222222272668785356764 555555555555555396381583644163
3 111111111111111575510759834049
1 777777777777777797128896171204 326907595
1 777777777777777876081454033636 340113277
2 666666666666666719406421211555 777777777777777831307818917882
1 222222222222222776182542966828 -147604880
2 35702348492837 555555555555555522129179044718
1 555555555555555379596723909451 -79830869
1 777777777777777252373106614628 405725777
1 888888888888888270115301637980 -23428482
2 555555555555555740299620257888 777777777777777810777666106613
2 222222222222222297238736641338 222222222222222903276202699995
1 333333333333333902590870018751 -61906350
1 777777777777777909713362236639 -435661472
1 777777777777777221033228853767 -112932060
1 531361097525267 -331454227
1 111111111111111875158052445734 101283605
1 444444444444444786563627559200 290590632
1 777777777777777378741897182569 436868617
3 666666666666666462811145498168
1 428727346301203 -175880876
1 666666666666666321344502364770 -249534409
3 888888888888888246356135842807
3 888888888888888440082198223048
2 220841349441743 999999999999999954832017156296
1 555555555555555646050882816311 262465043
1 222222222222222102179844301290 390869088
1 333333333333333220428919341575 230845638
3 333333333333333834859707042937
1 777777777777777352508973104122 379305710
2 222222222222222796734083920257 333333333333333331564691792451
1 777777777777777573761816327002 254482234
3 111111111111111664577638672686
1 222222222222222724586454001067 221394776
1 333333333333333453148205199449 181604847
1 222222222222222123029772358688 -425639824
1 333333333333333005195883696050 -465897082
1 222222222222222812546951836294 270073970
2 666666666666666778025527764227 999999999999999283201979978060
3 333333333333333373052907979723
1 666666666666666435827095203254 240967264
3 666666666666666165659754241845
1 555555555555555279754549832680 -454719840
2 666666666666666280746851289412 666666666666666999975764738653
2 444444444444444859187776892492 999999999999999982507103741925
2 444444444444444735762100953053 666666666666666543088273079102
3 666666666666666689544391103177
1 999999999999999949172213157568 154252233
3 666666666666666024729908563102
1 555555555555555276316272195738 343139664
1 444444444444444367099186549316 -209066906
3 444444444444444507187456512067
1 222222222222222067239601733190 -428293604
2 222222222222222190032480885257 555555555555555274837206070570
1 333333333333333574698094434025 -215314003
2 333333333333333666703736893228 888888888888888115922319548605
1 222222222222222621625900437277 258633220
2 464265198661868 798749630469690
3 333333333333333446091174488576
3 111111111111111235340644243929
1 666666666666666402881462289744 -96796906
1 999999999999999745995653004124 24005180
3 555555555555555872453563354415
3 111111111111111321287524303250
3 777777777777777835226668363244
1 555555555555555308445827813868 447811499
3 666666666666666990049345879928
1 111111111111111803749153932362 414342936
3 888888888888888815833066271788
2 333333333333333485797638828555 666666666666666495778663554084
1 555555555555555369984033579366 -136240299
1 777777777777777100696433772124 463679046
1 888888888888888270055269569888 -449075068
1 555555555555555860665806193426 -432094666
2 111111111111111046185447938027 555555555555555216679586588677
2 555555555555555486237187039437 888888888888888661117289000513
1 777777777777777846690610407951 -372285202
1 888888888888888780014340196930 137637458
3 222222222222222680903875629675
3 999999999999999099529644683935
1 999999999999999917445132093189 299321346
3 333333333333333463067125705014
1 444444444444444379049792282181 -289668285
1 333333333333333002131401963140 474240609
2 759984757803374 111111111111111592961742333023
1 111111111111111454603406829600 -36517973
2 555555555555555883891210105724 999999999999999316608650511815
2 222222222222222661665474700304 666666666666666565355376031156
1 999999999999999847729123657845 147238646
3 333333333333333853383657700363
1 999999999999999646362776057236 -303984854
1 888888888888888941056065813284 -297893333
3 307817888265145
1 777777777777777521375491437118 441607936
1 999999999999999904330687441930 -7749087
1 555555555555555627372401462582 -90085456
1 222222222222222597322027588117 -446939330
2 666666666666666376446370319456 888888888888888591594126275001
1 222222222222222299526508273012 -348707694
2 444444444444444181530978086089 777777777777777230633136949980
2 666666666666666464143044942617 999999999999999026645461162163
1 444444444444444332846810840098 170529699
2 391490914399061 444444444444444459249964765057
2 555555555555555683090744319755 999999999999999666812736323812
1 222222222222222333953282707344 -411886721
1 965291449894894 -124398815
1 666666666666666329874506328949 -340216333
1 333333333333333836715174148786 406379775
1 555555555555555894447438793716 114111415
1 666666666666666436553339421506 -441886433
1 333333333333333112186279948721 -370807400
3 888888888888888928814503901594
2 333333333333333186588744327294 444444444444444697049045282969
1 777777777777777845746523576041 162765202
1 666666666666666439980117470207 -176992314
1 222222222222222696201814013979 175297363
1 260973283341488 321647719
1 444444444444444006478142296815 255858350
1 555555555555555635752001354928 203409664
1 999999999999999779978011506874 -262635710
3 999999999999999224442350524930
1 111111111111111875696364648624 -136820000
1 999999999999999025191452427889 75878931
3 888888888888888918397480724648
2 111111111111111466265482529648 555555555555555590460259666607
1 555555555555555444273711138947 -221055463
1 888888888888888561909228817753 -71457318
2 333333333333333738844981214814 999999999999999702645845860951
1 111111111111111225126421947863 329011549
2 777777777777777608430444054054 999999999999999017455424809562
1 777777777777777230358406244069 -388213008
2 629497735004867 999999999999999412873654135768
1 222222222222222827515538753731 -358087991
1 555555555555555679809455072728 -440914978
1 111111111111111313625068776264 30711687
3 222222222222222789742068236942
3 111111111111111437452736136499
3 777777777777777362453580739687
1 111111111111111061075910302549 457909822
1 555555555555555347956338226975 -106488458
3 111111111111111615594491664313
3 333333333333333561113366370314
1 666666666666666510800499059558 -138194410
1 555555555555555396938606799926 -467355041
1 666666666666666942732647353905 -409988871
1 444444444444444325691137913946 334836823
1 888888888888888345744669019960 -360708038
2 666666666666666034718721157281 777777777777777388318687149228
1 111111111111111369223135672729 350929713
1 777777777777777557539260334579 -223493470
2 111111111111111413721580028532 333333333333333663033595562203
3 999999999999999224080652689771
1 888888888888888648347776642369 -306536382
3 111111111111111314564970219906
1 999999999999999518645288798142 -484476666
2 514436053423640 666666666666666145930951034905
2 111111111111111819222679879149 999999999999999961772762371700
1 555555555555555109397152123237 -366440726
3 222222222222222266972685064026
1 222222222222222671988848352058 -341213855
1 999999999999999385593688496384 169929550
1 333333333333333985742532804762 411070376
1 21624183727505 371681021
1 888888888888888737315506458387 253165095
1 999999999999999362675628471124 273510678
1 111111111111111961085373004191 5850299
2 111111111111111085527106245018 333333333333333324102428185237
2 555555555555555124564600540355 666666666666666731540695300678
1 198563786192466 -125791417
3 777777777777777964934947867388
1 169792085952257 -99345369
1 555555555555555214615180320573 -141490501
1 999999999999999295299941458270 393580587
1 999999999999999844613997955101 -428666422
1 333333333333333984810620655321 -235462255
1 999999999999999593564036624099 -431206504
3 111111111111111603390744508289
3 555555555555555909442166876985
1 777777777777777286939058400120 -171169670
1 666666666666666789165176757661 194411369
3 555555555555555082438067764595
1 555555555555555889346650556447 186398611
2 694684689656125 222222222222222735120493963121
1 111111111111111171985807273031 496712390
2 919012482013726 444444444444444390430875637709
1 888888888888888878090570915707 104335372
1 222222222222222508739420871550 -11148854
1 888888888888888942960630457567 -174783315
2 888888888888888077813531351768 999999999999999520260025510569
3 666666666666666548682188723555
2 333333333333333072838142938544 555555555555555703227955327312
3 999999999999999755037465076002
2 392581567789982 555555555555555153205503218356
1 111111111111111589227537605570 -440553608
3 666666666666666103406827757115
3 888888888888888560488220813666
1 674150491073932 201145355
3 777777777777777336070919451464
1 333333333333333325851359112364 -214023748
3 115776181908192
3 888888888888888647540504163345
1 333333333333333916826083608139 302017819
3 999999999999999253408016857805
2 222222222222222669254830411069 777777777777777351274883393006
1 888888888888888465308425871510 -66523982
2 808892974133822 888888888888888642972206199347
3 777777777777777574093460413548
2 655255560199793 777777777777777425772862370834
2 666666666666666748203581242489 888888888888888898028246497462
1 888888888888888054325962427145 -268678418
1 555555555555555080936351889145 -183821854
1 482790009160728 476999386
1 888888888888888399271192882470 -67057187
1 777777777777777888464704084127 344502199
2 666187075792481 555555555555555490901919477136
1 222222222222222454999812664464 -331197875
2 777777777777777835383656856915 888888888888888324967690515495
1 777777777777777763498852864316 -257783514
1 444444444444444374476285407957 -184370375
2 333333333333333306060723865318 444444444444444133234577191395
2 777777777777777905699448148592 888888888888888449321295163461
3 111111111111111509784642766295
1 555555555555555740024067636617 38027630
1 222222222222222092692599750876 395116378
2 777777777777777216836749426736 777777777777777357836229071247
1 555555555555555522203713115429 -175260090
1 777777777777777262821980532890 138599914
1 666666666666666143979029026332 -387483161
1 999999999999999315398913900504 -257655594
3 333333333333333312975402961488
1 999999999999999055465505656613 -17341240
3 535678022763399
3 111111111111111447610101900120
2 333333333333333014946312398882 444444444444444778806762075316
3 444444444444444590313436895952
1 888888888888888786030236585460 -389670684
3 444444444444444579075181267628
1 111111111111111889556960177040 468888105
1 333333333333333578155474351629 60929596
1 888888888888888273351285579138 -466305096
2 222222222222222443661598705221 222222222222222842876806927143
2 222222222222222362383019913585 555555555555555810971508942692
3 888888888888888428321861239236
1 444444444444444293798950557756 209471126
1 444444444444444897031154074531 -391492215
2 222222222222222768189005794744 666666666666666990545734493392
3 222222222222222382152667252750
3 111111111111111195189361505579
1 444444444444444133156028722488 -148285163
1 666666666666666746655300776927 162389971
1 222222222222222492978197059780 232623812
1 333333333333333902364249617284 -367209530
1 666666666666666447763224821008 -403469227
1 777777777777777994271348935049 118378369
1 777777777777777525050657933706 289944024
2 222222222222222869318533340752 666666666666666772274046028294
1 555555555555555531467767395195 314841973
2 888888888888888069307561787004 888888888888888429406484078870
2 838365823284279 555555555555555192560508834953
1 728603433417742 -175743511
1 888888888888888013700672811411 -406278850
2 555555555555555354442351445884 777777777777777148530957115366
1 777777777777777209046950267346 375676160
1 555555555555555184744458296735 -198616706
1 999999999999999232894657176794 42196038
1 777777777777777626322922389919 89737238
3 999999999999999071832058064883
3 999999999999999860272012265919
1 222222222222222226985236287775 20067072
3 333333333333333521420709427915
1 666666666666666268818424918365 -406147657
1 444444444444444619236614485817 245402723
1 666666666666666718659720571067 -123980378
2 444444444444444003012379266698 777777777777777354287581973455
1 333333333333333337685604472270 -8673333
1 666666666666666924381365344501 325097273
1 777777777777777932742544198849 466075473
2 666666666666666303907006303151 888888888888888493194324309137
2 666666666666666870523009142689 888888888888888766218280398616
1 555555555555555348042828024835 -39902150
1 999999999999999270088533879904 485667704
1 777777777777777741011447287406 86675983
2 802875451777158 222222222222222231686760205790
1 888888888888888008599280759498 323487900
3 666666666666666508488517952907
1 333333333333333633780559276487 33356767
3 544871452216668
1 555555555555555383419416145384 212688874
1 444444444444444667463053345934 376497887
2 111111111111111554441547204023 444444444444444552876229491286
1 444444444444444870679689058690 -245729898
3 888888888888888714372775164120
2 111111111111111575694574483404 111111111111111945858977229813
1 888888888888888299841287587872 -308742054
1 555555555555555141421337472888 107028301
1 999999999999999580833292689277 425293077
1 999999999999999659973262089465 -173329675
2 555555555555555646739186341348 999999999999999722824956597680
2 555555555555555183211366658227 777777777777777054919024840830
3 222222222222222911398243399975
1 333333333333333215447437497265 -499972484
3 333333333333333023277418385176
1 444444444444444677520096692619 -453270873
1 999999999999999486663856659435 -474009764
1 666666666666666353139342436259 -288055106
1 222222222222222915142441144853 59449349
3 222222222222222320313718101116
3 555555555555555986805318856639
3 111111111111111229771250511982
1 222222222222222590679790966836 -138092509
1 666666666666666783097276990066 -494817460
2 111111111111111067172169062380 111111111111111223808764136566
3 666666666666666989261350041514
2 222222222222222048429216243386 777777777777777011020506888413
1 555555555555555720849695672243 338065702
1 222222222222222884651391824081 284928263
2 333333333333333049594035525747 444444444444444376718811970737
1 794751816347379 -448312824
1 666666666666666943616208167782 39152603
1 444444444444444360912260815324 241453686
1 555555555555555183766704966084 -336558562
1 111111111111111010670504071968 294199266
3 885964559470284
1 111111111111111224793146775671 -214455351
3 111111111111111838844196017407
3 777777777777777644470853971616
2 222222222222222844006654049927 555555555555555009784546094324
3 361957057535172
2 666666666666666741451061900721 777777777777777453789116744205
3 888888888888888993545715455421
1 111111111111111849549167795352 -264866774
2 555555555555555980891747685219 777777777777777629493809704583
1 222222222222222933674427793737 -343435694
2 444444444444444561578689861737 555555555555555613143212649726
1 777777777777777804151059217262 19933744
2 222222222222222077987834339494 444444444444444225511407762444
3 333333333333333100423139118617
1 222222222222222768363555953814 200206248
1 999999999999999115423354350184 132348704
2 69215937553270 777777777777777448418936699087
3 646583989728618
3 444444444444444641248884400678
1 111111111111111171140848265221 -321183623
3 999999999999999818937464014826
1 222222222222222870813733858355 -233764144
3 555555555555555830358396274023
2 333333333333333440807084773708 444444444444444325908154537453
1 555555555555555517313280873256 -138403608
3 207723218746096
2 222222222222222051284707559299 777777777777777447185559178102
1 111111111111111668472661837375 -404482417
1 444444444444444738043737978444 254883801
3 444444444444444018899750603817
2 478477118151303 777777777777777533343490682743
1 444444444444444747310466124845 -34918021
1 333333333333333153157545793292 -44454998
1 888888888888888677161076220907 496649226
2 333333333333333470988259795482 555555555555555221409745933947
2 111111111111111935485394485977 333333333333333176350842937835
1 222222222222222283677457936055 -122769050
1 222222222222222923356479380917 -290173568
1 64679936230694 -469432526
1 888888888888888299171022077915 -363656296
1 777777777777777295450173258499 430412321
1 333333333333333673446874103615 144682920
1 555555555555555584101057957612 -145007503
1 444444444444444113836280731634 241883007
3 555555555555555301171122173782
3 111111111111111591160413412733
1 888888888888888802448285984759 206861297
3 555555555555555706285955029610
1 444444444444444232058614454305 222462711
1 444444444444444650158764185368 -16011867
2 222222222222222018834231294945 555555555555555722192551288306
1 777777777777777894638354620425 -448263341
1 666666666666666978698528683111 433993545
2 444444444444444608199829741813 666666666666666405159377222732
1 999999999999999985572284076407 123130937
1 222222222222222305115488140843 -74583035
3 111111111111111136110773563972
2 222222222222222439107676288016 333333333333333102087097788239
1 999999999999999114931645511960 107210116
1 333333333333333919938354127259 117931070
2 111111111111111480810188330032 222222222222222677796028245763
1 666666666666666581845562453468 61247655
1 444444444444444660881587148171 -135126930
1 888888888888888931099580886058 295925610
3 777777777777777150306762847617
1 888888888888888968748634867651 186854086
1 999999999999999353631948797332 357708442
2 111111111111111928817787874623 333333333333333833175074387875
1 222222222222222239837748405909 348460822
1 999999999999999835552225227580 -186241127
1 555555555555555745559921644265 446828097
1 222222222222222897107086059391 -498599060
1 888888888888888132484949369840 -3223988
1 333333333333333610575130529028 480873128
1 555555555555555918998446308991 -376450809
1 888888888888888365828288363040 -283427380
1 999999999999999208250677266840 266643228
3 333333333333333527051602186268
1 994788265063606 -81737938
3 222222222222222905059712908013
1 111111111111111079748317481313 294978196
2 333333333333333016691070544004 666666666666666567104506095231
1 444444444444444530734123627551 36132596
1 333333333333333397185163047277 151460686
3 777777777777777116612794256087
1 333333333333333764598725017262 44225998
1 444444444444444493918640989925 -342049249
2 777777777777777453014133222241 777777777777777524865181651232
3 777777777777777162872392266466
1 777777777777777712866768077923 250959196
1 111111111111111969232277944507 -483665339
3 666666666666666210427837948026
1 222222222222222316907752261691 -344203996
1 999999999999999938652703586514 -104683946
1 777777777777777087903255698918 233224272
3 888888888888888912880079573907
1 888888888888888807264878188854 -147614793
1 777777777777777150676188674163 -172106808
1 333333333333333610250490611273 324037214
3 610601106061440
1 222222222222222188119585418950 293961841
2 555555555555555790636987103083 999999999999999786485552001377
3 555555555555555200149166715636
1 777777777777777095745440727362 -366807644
2 222222222222222805116475930204 333333333333333700190666650859
1 666666666666666141301454801165 190830820
1 444444444444444281207972437547 128696612
1 111111111111111481887068958843 -234072333
1 888888888888888795717340377588 455089381
1 555555555555555644215047440926 -254381625
3 888888888888888097642510152580
1 333333333333333360285668749138 18504396
1 777777777777777152245499645820 341183363
1 111111111111111748869461588296 -143317515
1 446802572128985 -96735211
3 777777777777777618700024005552
1 888888888888888674163780647145 -475102898
1 666666666666666725797565872140 -460730640
1 333333333333333309728898675222 75455715
2 111111111111111121096382177150 555555555555555735939962144490
3 222222222222222660916063444657
2 555555555555555040496987136623 777777777777777702021279332676
3 999999999999999459557923954458
1 111111111111111885921770190597 446817509
2 389235676384790 666666666666666294171787736871
3 111111111111111539480492630819
3 888888888888888939365931341607
1 666666666666666558542927051790 245934623
1 111111111111111895843115608809 304623904
1 444444444444444053107528369021 334122506
1 555555555555555950513623117662 -243197278
3 111111111111111827189320808801
1 222222222222222309139394152248 333565830
2 555555555555555614198332827330 777777777777777736044553201213
1 333333333333333008973188380839 -31476090
2 777777777777777838720307542567 777777777777777972134067902592
3 555555555555555406238302197402
1 111111111111111628925277301506 -333790605
3 444444444444444009197545173945
3 888888888888888683849537759921
2 222222222222222374459576906762 777777777777777244919323404627
1 777777777777777974794781982558 331981597
2 555555555555555727490612953842 777777777777777313095701917770
2 111111111111111517723273947349 555555555555555498524661937450
1 89315388723874 -73088671
2 333333333333333379360934834687 555555555555555234433901898867
1 444444444444444462072345307821 11107343
3 999999999999999028787154468272
2 222222222222222148340943401606 222222222222222477323018471843
1 777777777777777899649688234835 -300465524
3 444444444444444730034589439823
3 333333333333333396192951942090
2 555555555555555874612924424847 999999999999999640091745455990
2 333333333333333046497436370860 888888888888888196996764827060
2 111891854602778 333333333333333588686704394952
2 666666666666666273362761100283 666666666666666324749008630821
1 777777777777777734592134349465 79807168
1 888888888888888769178929587385 -327856089
1 459340872626416 -299982035
1 555555555555555984047755019677 -340047940
1 444444444444444052778502050900 -451549582
3 888888888888888604132102680048
2 666666666666666004084381097423 888888888888888924066768148225
1 555555555555555520350106562723 -468582987
3 777777777777777704194720953125
3 222222222222222033186981734192
1 444444444444444266758620903941 321215768
1 777777777777777648421149282774 436159335
1 333333333333333920664601632470 -295384790
1 666666666666666390728894047986 -377828665
3 674565550132375
1 649976710213755 344940600
2 120020506987494 888888888888888786644669203618
1 754872980850705 -141808863
1 826108465503839 -345792161
2 444444444444444946661122737023 666666666666666724027483882311
2 555555555555555305828929560801 999999999999999907961981418086
1 222222222222222990354209535012 -435938305
1 444444444444444626812289444116 340633429
2 222222222222222719553196049695 999999999999999677285375096773
1 444444444444444994964039034992 138076405
3 222222222222222708527924841956
3 777777777777777089466609428218
1 222222222222222632081724133517 -52362656
1 888888888888888564057494162521 304579669
1 555555555555555312370696759042 197530171
1 444444444444444006614747592619 -190222240
3 222222222222222038534320905768
3 777777777777777659981343130019
1 555555555555555356809204661583 -75085735
3 555555555555555973464790768962
3 162674503370967
2 111111111111111136403932580841 222222222222222283639251656377
2 222222222222222378074928198998 555555555555555700319617014745
2 222222222222222839089169740265 999999999999999120896456358341
1 222222222222222821167963035640 -301077232
1 222222222222222039778762643485 -405425696
1 222222222222222964204247937125 248328924
2 666666666666666947637807512884 999999999999999502594128584989
1 555555555555555491950224330274 -58490142
2 857032504729978 444444444444444221679150005455
1 882305744809752 76226218
1 222222222222222101639667987601 -487686132
3 888888888888888707165044373650
3 222222222222222109427201930329
1 222222222222222471420900765194 -176587617
1 444444444444444003259650320324 104868071
2 555555555555555833335377132793 888888888888888440029178800488
1 300248219117876 -159649169
1 444444444444444073568180400037 -340749549
2 555555555555555001704895193932 777777777777777869247448044536
1 777777777777777029560543278968 -426939350
1 888888888888888580001803140300 -451152948
2 222222222222222350364801911089 888888888888888085942290328405
3 666666666666666283276082210265
1 555555555555555884914820523733 -233172984
3 777777777777777660664220116136
1 444444444444444634187537920946 -269461945
3 888888888888888762231195218147
3 777777777777777022706560496355
1 111111111111111837344017553085 79267184
1 888888888888888321128094765897 -107487846
2 444444444444444192395793006307 999999999999999210597308458674
1 999999999999999818183529551566 -240389421
3 222222222222222001686080031631
2 222222222222222424825233467028 333333333333333388722677462487
1 555555555555555903837746466097 -249591673
1 444444444444444326370959706381 497305600
1 388750558477969 422059790
2 222222222222222213443550669701 222222222222222776745413769267
2 222222222222222932813302784449 555555555555555994601907572790
3 444444444444444484074106837013
2 666666666666666409565749160045 777777777777777281493285844169
3 333333333333333712889495982630
1 222222222222222333433443639431 1455628
2 555555555555555475847783275667 777777777777777174309159337316
1 111111111111111274436978562318 6743630
1 888888888888888969670832158945 271787388
1 444444444444444413833642163678 14078649
3 666666666666666234201473478470
1 999999999999999259139905498820 -373643112
1 111111111111111191731958498679 -362491183
1 888888888888888076858658574790 -471482903
3 777777777777777262472292924671
1 666666666666666711599922707789 348962490
2 555555555555555408204448756563 555555555555555663190160794513
2 555555555555555531489636302892 999999999999999781119534986954
2 333333333333333250822927839881 888888888888888877224043116102
2 222222222222222391197620089599 666666666666666140678235358431
2 111111111111111128079080349987 444444444444444774008780245788
2 111111111111111777961476613536 222222222222222833752541041248
2 555555555555555556255114655292 666666666666666676342282760344
1 222222222222222345680633341927 -418116592
2 662494663359714 888888888888888918126916826501
1 555555555555555566311273130550 -438928911
1 666666666666666415313007426382 -178783111
1 222222222222222623099913456806 -132407450
1 777777777777777792387932080941 -261891404
1 888888888888888424450733950453 166756896
1 555555555555555527301762141162 95525938
3 444444444444444789769932531567
1 555555555555555402930690044027 -362123233
1 222222222222222433733532177502 10466354
1 111111111111111127950981385305 -397742189
3 111111111111111233152668364956
1 222222222222222615492315025686 486422452
1 999999999999999872530427362557 42650547
3 408447475999716
1 666666666666666933089087708633 -461356825
1 575272065258156 -280041621
1 999999999999999955059316063045 156550789
1 999999999999999331448837556266 449070089
1 111111111111111757003780106748 85301535
2 444444444444444281497186682601 777777777777777831802322676375
1 333333333333333791790888905605 306378510
1 555555555555555973614929018960 489960593
2 444444444444444812863438279998 555555555555555006451519688784
1 444444444444444446426602189389 323886987
1 666666666666666712694823297498 451050078
1 111111111111111436977150370248 -218875058
3 888888888888888586190487436392
3 888888888888888194433257792035
3 777777777777777158828196823375
3 686441269283373
1 777777777777777780223059322403 -39794459
2 111111111111111726026384187672 777777777777777063118447832441
1 888888888888888552448681234634 297887983
1 777777777777777788511647859935 77180977
1 592596079246360 -128878929
2 111111111111111217469069593299 777777777777777854698171799134
1 222222222222222942802930016761 109754280
2 222222222222222070429158486880 777777777777777093880995860073
3 222222222222222314166274647634
2 222222222222222498072904324829 444444444444444486312223016012
1 705178819272446 35060080
1 111111111111111844868537108331 232590154
1 926023628089908 406120361
1 333333333333333473064510591533 77007668
2 585922939273730 666666666666666333459677425368
1 999999999999999422093079399570 -93666273
1 444444444444444532887925109921 444466937
1 333333333333333974884497179270 -292157523
1 444444444444444097939097673801 147851921
1 333333333333333054968631776348 57156661
3 333333333333333967532324180562
1 777777777777777185278593798367 -240285404
1 777777777777777735814932578537 -355588015
2 333333333333333131649198310293 555555555555555111900941759339
1 111111111111111208489480038245 -455118474
2 941343397246641 444444444444444526413153694680
1 555555555555555009738486828275 -132557987
2 555555555555555196461262146336 777777777777777527508320965131
1 999999999999999588449858541749 384858547
1 111111111111111239584143385103 358284928
2 222222222222222232687927090526 777777777777777511570205096981
1 999999999999999770377471024277 -351016502
2 222222222222222029354140684746 555555555555555791109452632502
3 444444444444444057289430515516
2 548508804314834 111111111111111287968804130844
2 444444444444444630323971214989 555555555555555451159430761831
1 666666666666666502815075724707 -42537366
2 222222222222222396851803328732 999999999999999615452092780091
2 111111111111111524512695533145 666666666666666716519060931799
1 80446670668695 -142806100
1 555555555555555371575606768715 -165666915
1 777777777777777992035126910427 240618539
2 444444444444444264840247837618 777777777777777837148000942847
1 666666666666666451579757182745 285972820
1 222222222222222475556118667144 222430883
1 777777777777777915012592906937 492175378
2 222222222222222855958345447152 444444444444444267162123598209
1 555555555555555298739284995493 -370151184
1 666666666666666226336574686760 -263022678
1 888888888888888790573036682445 140081531
3 222222222222222883200429397548
2 111111111111111217713424073329 999999999999999059631987341555
3 999999999999999264586916647341
1 777777777777777403124650583219 -463923663
1 666666666666666740992980599672 273184539
2 333333333333333209311689210445 999999999999999070391645436167
2 777777777777777036008007077275 888888888888888732181395683629
3 444444444444444678790742664176
3 666666666666666346184048287541
1 555555555555555968953698924043 465975653
1 777777777777777140218677227293 471153817
1 888888888888888748129228155937 481982659
2 309749451793542 222222222222222658505411672834
2 111111111111111979423462601706 444444444444444669430518577674
3 999999999999999446697516465376
1 999999999999999167879877518536 242815500
2 111111111111111479805822508174 777777777777777114626019189150
1 888888888888888678444180918167 416663872
1 666666666666666278764338259655 339311443
