1000
1 777777777777777864649766757785 169369722
2 444444444444444511008404217970 444444444444444552952582866842
1 840798226651124 81480345
2 427587414690725 555555555555555213795768848400
1 666666666666666533615255037650 -346667427
2 777777777777777384591591216648 999999999999999249642315696791
1 111111111111111838003677367385 82009234
1 111111111111111017072021882837 -58852261
1 666666666666666027625403552524 -98560550
1 555555555555555142335340217219 324820023
1 444444444444444266738507323733 227748579
2 444444444444444576219933507333 555555555555555796316457493479
3 555555555555555983404839646346
1 222222222222222648296417347170 -21699041
3 333333333333333913951345201679
1 777777777777777586958998913415 68412810
1 999999999999999206863459710451 -90860819
1 222222222222222514671329837916 245392644
2 555555555555555017719852490297 888888888888888566378850551707
1 111111111111111202871301526392 454142856
1 444444444444444869165411068332 310726681
1 111111111111111852492368838603 -445537779
2 777777777777777230279574244895 777777777777777592287187232727
1 444444444444444073981999537620 -408849901
3 999999999999999630595416342037
2 790321818165598 555555555555555667821825527959
2 222222222222222979726573276285 333333333333333450347714969872
1 222222222222222581857636129266 69475207
1 444444444444444860622216984913 353120439
1 666666666666666957957800480204 -352606882
1 555555555555555827377283612710 -304792682
1 666666666666666809114113840269 109332748
1 555555555555555592273922573860 -441305840
1 888888888888888240484981356521 -362219230
1 222222222222222165151948319511 457928332
3 111111111111111138812654566248
1 333333333333333527148062860803 93599148
1 333333333333333515226389171424 -379939942
2 333333333333333901575789367023 888888888888888710708653862803
3 666666666666666637847311563373
1 555555555555555025207792771324 -56364682
1 110897009793858 -428506509
1 888888888888888511843417895605 397112207
2 502808515586761 555555555555555268582156904841
1 444444444444444631069273119860 -376831035
2 678820393337776 444444444444444707450153027990
1 222222222222222632043449728289 -407121724
1 576500563166483 66116086
3 999999999999999993364359935885
2 111111111111111390389451048056 333333333333333170496772765453
1 666666666666666722538349169019 229503799
1 333333333333333273020937946350 139067297
1 777777777777777164933298359515 -384549860
1 888888888888888036418554655930 -48681072
2 222222222222222559537596102281 333333333333333820942805839177
1 999999999999999677960847171055 -375141007
1 222222222222222630516469040659 171279908
2 333333333333333470576388754461 999999999999999047936843665510
3 333333333333333325198895326514
1 666666666666666743663497428768 -134064345
1 777777777777777545743843124454 -447095374
1 555555555555555673157489424383 -77551689
2 222222222222222301972087238838 555555555555555314658268123882
1 333333333333333534627113891757 19600509
2 111111111111111891011037521158 777777777777777810481328669764
1 777777777777777408632394851777 62427681
1 888888888888888083362902085660 -459966982
1 444444444444444780733935261651 -153187985
1 444444444444444348621815569177 -33524888
2 333333333333333525292566115682 777777777777777598205075157738
1 555555555555555048657282457567 -230412585
1 555555555555555657163663258228 212963095
1 999999999999999214757624754121 -67658479
2 111111111111111951514143394342 888888888888888882990121913326
1 333333333333333347265423943856 468855539
3 666666666666666886560678011499
3 666666666666666561733250008359
1 666666666666666647738741902602 16136631
3 888888888888888710197503481204
1 333333333333333519845384850192 -96275006
1 666666666666666011452133933723 344076634
1 555555555555555098497156648607 -274491587
3 320061028495672
3 666666666666666912655509680216
1 111111111111111122192290350359 100576037
1 222222222222222808459081367770 -141844889
1 222222222222222727512007976863 82592751
2 777777777777777217401265488272 888888888888888015854210155178
3 222222222222222254426548652887
1 143908016433811 269733786
1 555555555555555900923859668522 -8683786
3 62286845922105
3 666666666666666083989614791323
2 444444444444444056827662050847 999999999999999108604824541810
1 999999999999999379863293900743 -68536916
1 777777777777777486495618395689 305339393
1 333333333333333289081440072152 -188990347
1 444444444444444243472445666874 430731825
1 529938474699068 435937363
1 111111111111111120321570866945 173218345
1 111111111111111761343179557466 -112227815
3 333333333333333956928348160841
3 999999999999999021243279670904
3 111111111111111793148423777538
3 444444444444444768851069662525
2 111111111111111025540211359985 777777777777777615224543639504
1 333333333333333622352003252333 -479649261
1 222222222222222083718205815285 -69104561
3 888888888888888960626680905870
2 587067310976581 333333333333333886954692289987
2 111111111111111648077419201676 222222222222222991231673475287
1 999999999999999249429696141509 82902174
1 222222222222222490339592662743 -472784137
1 333333333333333871309841316820 -368797479
1 444444444444444497966972829044 347533538
3 666666666666666476000801155043
3 111111111111111920489377887647
3 333333333333333644511891902843
2 444444444444444786357557221437 555555555555555302026610525141
1 999999999999999829300700109235 -115054841
1 333333333333333734270364696421 -393913302
1 333333333333333912543868719554 287862775
1 333333333333333052637890794173 253297217
1 971929741606948 34304959
1 777777777777777798594183438175 -354139702
1 222222222222222564251241850683 78008469
1 886828068777909 -420264640
2 222222222222222727243599427590 666666666666666917769283376511
3 999999999999999660201445331012
2 616755298098313 666666666666666341547258944097
2 111111111111111679032969930482 999999999999999513192249775739
2 222222222222222600420772052731 888888888888888768645707793136
1 666666666666666736233545324712 15462163
1 777777777777777447270981961692 490120904
1 999999999999999078784393735932 147872329
1 490217902707585 281749514
1 666666666666666798729250411482 -339513927
1 847451317092700 401376078
2 666666666666666100309882655253 888888888888888960959017366556
1 999999999999999913273846738340 -38382669
3 555555555555555115230468573905
1 888888888888888833562323038427 -342364428
2 333333333333333750185384364470 888888888888888781436429129171
3 888888888888888385704819082521
1 999999999999999342603494172843 363965532
3 444444444444444712754192309287
1 222222222222222401943648774353 495274655
3 999999999999999952098051250500
3 444444444444444363070398508841
1 888888888888888656989252523413 -473819230
1 888888888888888913682232225855 357371678
1 888888888888888991938981430427 -412908009
1 677515147301755 282151289
1 111111111111111553571402768148 75549219
1 444444444444444671223293631932 -367838544
2 307454034670299 555555555555555594654662223293
3 666666666666666736608896022013
1 888888888888888429985965809717 -159142447
1 111111111111111278282967488729 463809489
3 589588545121274
3 111111111111111814466161505978
2 444444444444444343352381603699 777777777777777053106827207936
1 444444444444444969030722878166 -390385799
1 444444444444444717649574747930 -453493165
2 333333333333333763496560008385 777777777777777552002765178158
1 666666666666666424368253310078 313239421
1 111111111111111597525861201475 -432477887
1 888888888888888951562124422265 -477684271
1 444444444444444687785904791824 -131452689
1 777777777777777600734068296589 -416585085
3 444444444444444393668991976394
3 666666666666666638724204722915
2 111111111111111986890255648821 222222222222222764063382453720
1 777777777777777774713632615550 -91250800
1 555555555555555026677691806009 477658131
1 333333333333333483678562234363 237188981
1 333333333333333478902885306187 -395752497
1 222222222222222372017179224452 -17933165
3 999999999999999794567809043243
2 333333333333333595507800181845 555555555555555786261113141527
2 743985733116269 777777777777777637498317354295
1 222222222222222045363899519145 129096355
3 333333333333333426659289877706
3 222222222222222111159158345358
3 111111111111111397720389659693
1 999999999999999522054339334529 -190803476
2 888888888888888981653082926674 999999999999999015923878661662
1 555555555555555428507194698554 -191122475
3 888888888888888153291964716753
2 977203570497720 777777777777777068236030023800
1 222222222222222135642494540365 266615968
1 524828579832010 -28435814
1 888888888888888828000446019373 -230526031
2 111111111111111735080436514453 222222222222222568391388577671
1 444444444444444662203523442729 289254979
1 777777777777777986054523248114 -483754955
1 666666666666666161331594175348 319089926
1 555555555555555941178464113049 162201672
2 333333333333333469579026511789 555555555555555888850132042766
2 333333333333333059884628864850 999999999999999538928409326963
2 444444444444444633436291776000 666666666666666233962573065863
2 279594770893750 777777777777777818583088745991
1 666666666666666044696033122438 160506118
3 444444444444444410195859992707
3 666666666666666269481593029164
1 999999999999999596927793563287 -62233638
1 222222222222222535287427525946 -413391984
1 333333333333333414135317588054 -377935095
1 666666666666666826681822583240 291425079
2 61380834037852 333333333333333775914410388311
1 111111111111111554709972506469 346061434
1 777777777777777420598375625460 -47979242
3 15940312925270
1 444444444444444745873251423838 275776691
2 555555555555555391840661943268 777777777777777739082003862136
1 444444444444444566697899352001 315917719
3 666666666666666586264414323577
1 777777777777777124476323719168 -45108382
1 333333333333333540051710965383 318737042
2 444444444444444262563682154378 555555555555555995038044896659
1 333333333333333579826030263133 -179226298
1 777777777777777467830283643290 -19019867
1 777777777777777932858241600853 301403537
1 111111111111111835022574230341 366690740
1 333333333333333424570098384750 465258056
1 555555555555555665477731726641 -494879710
1 777777777777777090043027277239 -162796731
1 777777777777777912705112912751 -306493790
2 591024446542913 222222222222222084354535049019
1 111111111111111769624812643461 31175414
1 333333333333333911653912813691 32050517
1 777777777777777732845074201947 -452152588
1 555555555555555514335498935461 23837978
1 333333333333333217585780221376 -404219874
1 666666666666666350490112155300 480160061
3 777777777777777119341471454201
1 555555555555555785039558077872 -272526500
1 333333333333333104699027054587 275459449
1 111111111111111564529557455376 10233064
3 666666666666666876040601077863
2 333333333333333177547725673054 888888888888888391972940389218
3 555555555555555715585061539830
3 555555555555555154765113150174
2 333333333333333057036137348207 444444444444444260708245470141
1 555555555555555678538732622461 -271436709
1 630688492627395 -381940937
2 999999999999999428513576946390 999999999999999853723407221466
1 325910278416076 -316411179
3 999999999999999287759538416410
2 777777777777777499646889128011 999999999999999196637709139873
1 739156007039681 -394427267
2 777777777777777215406752435576 888888888888888742556215854877
1 777777777777777195249403411295 -324291617
1 333333333333333637817887573210 327924362
1 999999999999999436488330043971 -245375296
1 666666666666666540293096737447 327533460
1 805924583144393 -58963042
1 444444444444444647322231480994 303519992
1 888888888888888829130009360507 76130864
1 777777777777777968198590528712 398823700
2 222222222222222266415329141329 999999999999999086692991967084
1 111111111111111815807820169400 -139097759
1 999999999999999141330678758137 360549423
3 777777777777777887154148163682
3 333333333333333660789570641059
2 111111111111111503410824978986 222222222222222290209644551691
1 666666666666666416596825332110 -187202233
1 111111111111111276687539868923 480964318
1 137093999184487 -381603493
1 333333333333333672988083928989 174887533
1 159954214304999 -259990055
1 666666666666666865659456710773 35018178
1 333333333333333058843926317406 -296136081
1 222222222222222972046679226274 -165674545
1 222222222222222058546042391586 258497100
2 111111111111111832357839380954 777777777777777059419194680647
1 222222222222222854694732207532 227167119
1 333333333333333271802710364265 408437802
1 999999999999999635870333780929 -271233665
2 111111111111111358007768656091 999999999999999359584188535393
1 666666666666666753232148010842 -357061468
2 333333333333333292422999596609 333333333333333635832441855895
2 111111111111111875642915449214 777777777777777684250347173247
2 444444444444444287606658072831 777777777777777721610308566988
3 943200410994239
1 877491185979642 -353967795
3 444444444444444637546535160592
3 888888888888888056193004909854
1 666666666666666519314914820594 278446996
1 222222222222222795245650237905 498698121
3 444444444444444684200133784639
3 999999999999999666241124637976
1 777777777777777935289860685767 -146824671
2 111111111111111524790469563758 444444444444444555887914197348
1 777777777777777373408963592264 99747106
2 333333333333333546057135512226 888888888888888602579553671014
1 999999999999999413602797106338 -413739003
1 777777777777777130618447399316 420868180
1 999999999999999168108250758463 58129162
1 777777777777777717322320883005 423622202
3 999999999999999849482899083073
1 666666666666666107687098015783 24735420
2 444444444444444318670530834841 999999999999999160477389259455
1 672349751015511 276860939
1 888888888888888788585612554143 -137958209
2 444444444444444105398784296558 555555555555555327594944865124
2 111111111111111665637472052295 999999999999999099778186006572
1 444444444444444748208416899915 -370518577
1 111111111111111131522236494034 179218541
3 555555555555555759942435266929
3 555555555555555671083741569899
1 777777777777777050529021691397 -391605130
1 111111111111111550518186260104 178364278
1 896633957678517 -359611916
1 444444444444444777631067324168 268679643
1 111111111111111271179181490630 14708372
3 111111111111111212957275467828
2 444444444444444023655857083048 999999999999999558080726777693
3 222222222222222087344363712684
1 999999999999999674067822223513 109146972
1 777777777777777468715878642821 -432225323
1 666666666666666981874307353485 -319726541
1 777777777777777276512348397253 -90585755
1 111111111111111779866513455291 158533954
2 222222222222222452706071321897 222222222222222493774559723897
1 888888888888888700100529363222 -156549474
3 333333333333333513809208790862
1 555555555555555915193417467680 -178070441
2 666666666666666575082527242882 777777777777777078071260708308
1 222222222222222013086921641448 429710100
1 703129752150670 -485991507
1 999999999999999119828199105416 -73082425
3 888888888888888612947786038165
3 222222222222222551809189845092
1 555555555555555628508556812832 -183074167
1 351020476961534 119988077
2 111111111111111556167656227372 666666666666666492189883592025
1 999999999999999099480779580936 159424075
1 777777777777777546461796526258 190337932
1 156778483281645 -461706375
1 809932487216265 386016164
1 888888888888888583049561905906 -152011685
1 888888888888888040265687583286 -372609420
1 555555555555555081100906613427 372707448
1 333333333333333028206057840734 450388784
1 158018789206289 287174493
3 333333333333333212626308981113
2 582634493520711 111111111111111961998150531547
1 888888888888888533242921412390 -281089533
1 777777777777777082522074572294 -343504368
1 999999999999999886073411536537 62325782
1 999999999999999140063059761402 201478200
1 777777777777777900648582936835 -461757712
2 222222222222222446148480441500 333333333333333689461035969629
3 336295802201609
1 683848857918833 303172253
2 666666666666666162261416334074 666666666666666695861812827621
1 555555555555555694257578714644 -438847297
1 98470284070035 422017179
3 444444444444444869660035883089
1 222222222222222946173894952431 268246120
3 111111111111111295924096979403
1 777777777777777030804053958243 -49117530
1 885541113497728 411713169
1 378748172352106 102274762
1 222222222222222764812497904891 -470715525
1 444444444444444608399732608508 -312885806
1 111111111111111157995757197368 -243787596
3 825857571270996
1 888888888888888779196199120497 -173879228
2 444444444444444009957314510103 999999999999999168610294431192
3 222222222222222199057008950662
2 222222222222222805416775370901 888888888888888103480371176465
3 777777777777777452925991443320
1 990120659052414 74954998
2 555555555555555407379745639485 888888888888888598181693103240
1 666666666666666471378495227781 -357918716
3 666666666666666110943067389206
2 111111111111111818729657371058 888888888888888551789224793648
3 666666666666666164189422059751
1 999999999999999491336485819866 -371494119
1 666666666666666459112216919933 -68000265
3 999999999999999550316450761437
1 444444444444444524261943563967 16370849
2 555555555555555801448888563825 666666666666666949838100985066
1 333333333333333714951257716520 -297240837
3 555555555555555279379409029028
1 444444444444444770300971986368 -442531733
3 777777777777777225025921440592
2 333333333333333995555876292973 444444444444444690067416034339
1 888888888888888836417476450390 -416710396
1 444444444444444851633253462200 151416819
1 222222222222222297684609540791 -408919318
1 999999999999999264621925300097 -485165438
2 444444444444444181476368306573 999999999999999040705155777188
1 777777777777777701911961825558 -443410796
3 777777777777777334526223726776
1 666666666666666152333671614546 29682999
1 555555555555555295030674445579 -275228977
2 444444444444444118224062983494 888888888888888724838938734022
1 333333333333333293453368415402 -330954715
3 222222222222222282885155761419
3 222222222222222866918789722087
1 111111111111111157778697603360 -488659575
2 111111111111111813956483840768 666666666666666728630527861943
2 888888888888888086801164401522 999999999999999153823018249373
1 888888888888888840571316456634 233140446
1 444444444444444301552303621858 397042195
1 777777777777777997566716726665 -355015093
1 222222222222222244557999736902 243524563
1 999999999999999642318636495039 109932955
1 222222222222222266717206750968 -50335066
1 916064919076979 -199263244
1 999999999999999304575794864118 130738613
2 444444444444444153823557117364 888888888888888737653817065066
1 777777777777777750486653068813 324879944
1 999999999999999638940337701398 -164479279
1 222222222222222505216893669054 -72427680
2 91530069015073 777777777777777083700731077256
3 829752643379107
1 555555555555555078310326281227 -99666201
1 777777777777777496435729270079 -217996597
3 555555555555555591543807120019
2 444444444444444027985503136488 444444444444444082633004787383
3 222222222222222139476777279939
1 999999999999999536167460824639 -202029032
2 111111111111111376925057011197 666666666666666419221532103927
1 444444444444444049913190685808 493841292
3 333333333333333374477304344843
1 999999999999999659857346844033 306846467
1 309940638739286 244688105
1 333333333333333012387485447444 6495236
1 777777777777777225541566079699 331662884
1 888888888888888112077113041416 -444687771
1 333333333333333444714787891921 60258069
1 222222222222222139817399487984 -478230289
3 222222222222222092447729379156
1 555555555555555430679913036157 -419222289
1 666666666666666355600531640692 -345089797
1 222222222222222890257152062712 -235774982
1 888888888888888070928410637422 -208599511
1 340863770308619 439500154
1 222222222222222093580330387015 -218907943
1 444444444444444334893371389999 -358399453
1 451330344314703 219492730
1 413755372536638 -18417655
3 111111111111111854863377742875
1 333333333333333741253615557480 206465609
1 940057464459147 239147520
1 444444444444444677514738500018 482721273
1 333333333333333171678337920932 258512380
3 333333333333333959969994696287
1 222222222222222025033446877236 -372506888
1 111111111111111529801269759443 39347793
1 666666666666666483603858092880 -450800598
2 666666666666666331088154187353 888888888888888423590717484322
1 333333333333333039728909146872 -147818103
1 444444444444444658745947477958 268025746
3 777777777777777166090684753527
1 158313615977989 -391192396
1 333333333333333012802267605988 376019187
3 111111111111111168676346203707
2 202387767838128 222222222222222752809019247137
3 111111111111111642672019701473
3 444444444444444787327390367455
2 555555555555555832148794908304 777777777777777417165777051662
1 777777777777777328402822289171 111833340
1 666666666666666025809262570539 -86275011
3 666666666666666276531561265567
1 777777777777777776713071589187 -222071510
2 444444444444444036560300758443 999999999999999705328196712712
2 666666666666666965268703722743 777777777777777075092240328429
1 222222222222222358983373965198 394268107
1 777777777777777414551118059486 381276429
1 777777777777777724591723046799 -384171069
1 222222222222222107650135432942 -40836085
1 444444444444444561984106318961 -361281970
1 927969590135102 438302109
1 333333333333333806627764660519 267498533
1 444444444444444739816153488922 -160364305
1 333333333333333544318166149738 -424387300
1 111111111111111427502591290431 -115887460
2 769102445828274 333333333333333725919422537048
3 555555555555555465766476202798
2 444444444444444220009773842567 999999999999999206257532727197
1 999999999999999995181656498015 17599803
2 444444444444444519434178374454 555555555555555037995242347377
1 999999999999999112258210998721 473379910
1 25921281391381 220928817
1 333333333333333003338108147324 -449030817
1 364752345562168 -484430325
3 888888888888888507575503810487
2 569967437253503 777777777777777800529069586214
1 490987868028583 240896147
1 333333333333333419505883933675 -420400569
1 222222222222222818844232242746 473426020
3 333333333333333637978503738092
1 999999999999999047946164762967 293629468
1 444444444444444147216977711000 417658143
2 222222222222222510361874997942 777777777777777896793824403426
3 666666666666666051692601035151
1 222222222222222346843449070317 374836386
1 333333333333333572103493322145 366971903
1 555555555555555155229015570615 -179752530
1 999999999999999627574550770986 -87580998
2 252495050078497 111111111111111979519939691030
1 73226205609509 114071272
1 333333333333333596077518234184 -49201099
3 777777777777777352722952495898
1 333333333333333788422252240572 380502017
1 444444444444444141952636433057 -455986003
2 777777777777777799946181054925 888888888888888715081823503587
1 999999999999999059217008242445 -476934362
2 111111111111111461447294969732 777777777777777193264116909229
1 555555555555555207811398794052 -444041330
3 999999999999999501805939106256
1 111111111111111465424202391146 -493914831
3 555555555555555147806323092243
1 666666666666666357247432413806 83953057
2 666666666666666264296503805472 888888888888888020755045449138
3 222222222222222619311393273958
1 888888888888888276964755441449 -213091050
1 444444444444444714039414521385 -377414116
3 666666666666666101260641976901
1 444444444444444521083009904379 431161696
3 333333333333333631495866375780
2 111111111111111284133956707213 444444444444444909116451636200
1 111111111111111616475236984316 -144359315
2 222222222222222766316831844661 777777777777777155762837271239
2 444444444444444470982516927861 666666666666666892586951693374
1 888888888888888238803064184577 308367531
3 777777777777777080437315754478
1 444444444444444121005292237605 -424562707
1 777777777777777189624869207441 112918603
1 222222222222222944804645216649 109147678
3 111111111111111664406117791226
1 999999999999999273118215863125 255159900
1 333333333333333373994371196445 90295191
3 333333333333333555204079150383
2 444444444444444256838145171836 555555555555555334073935078487
1 222222222222222206137857061462 -102040750
3 777777777777777217802783631270
1 222222222222222755234764157057 -243493334
1 555555555555555025334468903274 123663680
1 333333333333333575341838857032 -195552393
3 777777777777777104806878727985
3 666666666666666701263569399043
1 999999999999999390385540163777 -43356655
1 444444444444444760313934832784 31238888
3 333333333333333566763221268948
3 111111111111111495493648426387
1 555555555555555450781103501121 465889804
1 6316808135279 -274558437
1 333333333333333068761665529851 236272408
1 444444444444444458781494949425 -287583982
1 111111111111111365021512136793 -369444924
1 999999999999999841130706914326 113876465
3 777777777777777343663573722180
1 888888888888888772370102444565 420692243
3 333333333333333868182117057647
1 333333333333333315063028824183 400635684
3 666666666666666364476993261927
1 111111111111111258783540500328 417517718
3 333333333333333613703648882916
3 333333333333333468253294931456
3 777777777777777062010430129313
3 888888888888888027553319037893
3 999999999999999636040662040913
3 111111111111111078297778173803
1 222222222222222465612192160309 441671709
1 444444444444444876964672772546 309169411
3 222222222222222937679902944207
2 2403784493723 333333333333333287277185704328
3 111111111111111960269515929758
2 48899681224067 666666666666666636876665317331
2 444444444444444536800449807214 999999999999999311821951545731
1 555555555555555827342050692444 -59365091
2 333333333333333810753074991308 999999999999999509492606354466
3 666666666666666405947615480818
2 222222222222222510093692654713 999999999999999378907922843947
1 928627453218883 -371354753
2 333333333333333314707110083430 666666666666666906448582889656
1 888888888888888905914981322938 461628596
1 222222222222222901561033472861 -50918870
1 444444444444444379472138386339 -150706400
1 111111111111111958690183218812 -123842369
3 444444444444444936771461010032
1 333333333333333873863492180041 463231647
1 777777777777777450654425297879 205582329
1 222222222222222225244298088340 288308011
1 555555555555555773250707695285 347731992
2 222222222222222491352384297804 777777777777777943419611663580
1 666666666666666174905939317898 204620321
2 111111111111111376814121784211 777777777777777082158621735709
1 666666666666666347794511438773 -181066165
1 222222222222222015782405608265 62668209
1 444444444444444661734321279946 -108484667
1 444444444444444277140153069395 -179808411
2 111111111111111445682074058543 888888888888888489203335952717
2 111111111111111045508115384499 555555555555555666293769427693
2 222222222222222181245482303776 666666666666666679665491277288
1 222222222222222285559854265662 -8778996
2 199757119714276 444444444444444611538253162206
2 812708980498141 222222222222222038523146235263
1 444444444444444570588360651069 214982777
1 666666666666666048367971126851 145523801
1 222222222222222627895278142382 -136405627
2 444444444444444118157621613806 999999999999999045550785497210
1 888888888888888033839791559021 -289373793
2 222222222222222642019215121501 666666666666666371374851937688
2 464628357224123 666666666666666330075776658146
2 666666666666666090697110958425 888888888888888600999963287966
1 999999999999999512203265962107 215930617
2 333333333333333989113644002954 999999999999999646682334078833
2 333333333333333814209302570742 777777777777777706891923585727
1 111111111111111327696530158211 -211819014
2 222222222222222552487222675975 333333333333333901057437934204
2 637064386480715 666666666666666923709206793406
3 555555555555555987740190837000
3 444444444444444822413657591319
3 222222222222222337984182428632
3 888888888888888791617373775954
3 111111111111111736916516121438
1 555555555555555831852438497983 291440610
1 111111111111111101375354006721 -90165389
1 333333333333333229879762393195 -175190582
1 888888888888888608143478767276 322268101
2 222222222222222724518524318945 777777777777777901446877997842
1 222222222222222886323898181286 -75275924
1 999999999999999476675225463138 -445442031
2 942023921107542 777777777777777653888622478544
2 222222222222222032631536136928 666666666666666894026657319039
1 444444444444444845686248656853 95963285
3 222222222222222765286916148683
1 777777777777777187270969511461 -95755504
1 999999999999999070834563317016 -176748761
1 444444444444444171043777672585 449088033
3 333333333333333775886361145155
3 555555555555555367708711921417
1 777777777777777331039180777621 191065728
1 333333333333333054351906996517 -86341232
1 333333333333333848541432477309 434338496
1 111111111111111807092462351110 60042567
1 777777777777777934771555576780 -117570863
2 444444444444444820175447407263 888888888888888118049228746678
2 666666666666666093080532669059 999999999999999312467077340212
1 666666666666666274696441304652 -481645947
1 984098531020244 470795713
2 138360435561581 666666666666666311331302974953
2 666666666666666878814042185804 888888888888888371996573611291
1 222222222222222977012684134816 -222271408
1 212239816193603 396307686
1 444444444444444927577527806405 -492163027
1 555555555555555947517816739760 -21171535
1 905111854313644 428258473
1 999999999999999137490950531149 193026293
1 666666666666666000389410732010 -74322860
1 111111111111111243891125141082 -283756756
3 850666593439686
2 444444444444444731819103217250 555555555555555333964344526821
2 616293323415560 444444444444444175705530421779
1 555555555555555360058220823656 -85055135
1 222222222222222917034061397505 299869251
1 999999999999999854085258376634 -104315037
3 777777777777777065156465081103
3 777777777777777863522069344518
2 111111111111111571527976029504 555555555555555023186481998971
1 158454799936687 -47700794
1 555555555555555984004065606761 -402760127
1 222222222222222005369590760253 348231285
2 221697899549692 654312119783999
1 475534861184649 475513534
3 222222222222222813471426947219
1 803925421780155 -409920910
1 222222222222222781285654262535 -193147305
2 888888888888888006929590658080 888888888888888455453404095666
1 444444444444444619347190190583 -246998133
2 888888888888888863249706249071 888888888888888991173274413426
1 555555555555555165513435696978 -477645420
1 365846395815148 498575895
1 111111111111111414357181508065 352165832
2 985044582978131 111111111111111425816694685032
3 111111111111111128509545103824
1 666666666666666388046988102926 -419244718
2 444444444444444370075286729394 666666666666666644192245441055
1 777777777777777347369888431825 366103285
1 555555555555555852083967354663 286014437
3 444444444444444107904376857848
2 150696825410841 444444444444444994945804728403
1 333333333333333696226794996415 287446182
3 727547223929067
1 941419428007732 139729148
1 333333333333333880582491924435 -272360946
3 222222222222222874955403346287
3 888888888888888617066149441696
1 777777777777777212991659305233 -360851875
3 444444444444444560068457723999
1 666666666666666500488110334392 -227648394
3 777777777777777860239789098283
1 222222222222222376132952226409 -145606748
1 444444444444444353689085753572 481437671
2 444444444444444981869357153516 999999999999999992156937342040
3 555555555555555483143414606683
1 111111111111111045139485294212 -179596597
3 333333333333333698504740623010
1 777777777777777256032936673165 -149529984
1 444444444444444556952467266237 454753663
1 222222222222222633199259403467 -461586210
3 888888888888888384495659287556
1 333333333333333951814014695157 139455008
1 777777777777777195851693603160 -489134531
1 999999999999999780683252387883 273667549
1 999999999999999470736027428462 -352099660
1 999999999999999205426711418246 268824952
2 111111111111111159054881078109 777777777777777489534248758540
1 555555555555555638712718097982 141237309
1 222222222222222607554420349555 -48562247
1 666666666666666362570878201148 401244540
3 999999999999999731786203183062
1 777777777777777778503885743312 81749910
1 888888888888888466831647156379 -209019703
2 444444444444444941648145305803 777777777777777674709765064543
2 111111111111111062489995759708 777777777777777499365492769911
3 333333333333333571409834407135
1 222222222222222748286977432710 44005260
1 444444444444444727748131477035 199354649
3 888888888888888131782543067515
3 499783673800961
2 555555555555555376049442361297 888888888888888543202259658046
1 444444444444444013944826547048 -354031201
1 888888888888888284405346938384 397679122
2 222222222222222723393243313300 222222222222222754529246073811
3 883188467367599
1 111111111111111919302396844513 -317510409
1 105800211802065 332048653
3 555555555555555272744727509460
2 329309617415552 555555555555555080208464623287
1 760811355299655 438901478
3 999999999999999823709323745524
3 318298097537192
1 999999999999999526211158533994 -402811634
1 888888888888888886676555603942 -294574448
2 222222222222222038448891794728 666666666666666793093254471865
1 555555555555555099697211006412 -343145716
3 111111111111111904173635801383
2 666666666666666820617889458632 777777777777777912792925975056
3 222222222222222404153038647681
1 111111111111111183227830906779 -356001030
3 444444444444444891876226940600
3 978037149360390
1 665792964526469 324597933
1 555555555555555600091021929505 -106908661
3 777777777777777026734262693059
1 444444444444444221985787755494 -243396692
1 999999999999999506728477320794 55184330
3 222222222222222837967790426836
1 666666666666666346340802001721 469424684
3 888888888888888546029912097777
2 111111111111111205051772730063 999999999999999232565596756092
2 555555555555555880926354212378 666666666666666058458073104869
2 555555555555555597928273130335 999999999999999735362506434885
1 666666666666666090380810391812 407162722
1 999999999999999621748414791030 -302203691
3 222222222222222703788164060588
3 444444444444444850499960389029
3 777777777777777286787118934990
1 124807539770272 -431938280
1 444444444444444182410383301083 205984583
2 777777777777777474367928547065 999999999999999694944731376875
2 666666666666666870165570766854 888888888888888598432608799391
1 444444444444444692033108386604 43807530
3 999999999999999552820512627943
1 666666666666666869681056569273 160538269
1 444444444444444608215805494331 229794697
2 777777777777777538217635584321 888888888888888161971570135646
3 452165607140430
1 465467733561065 -46747772
3 999999999999999613391331841052
2 222222222222222616142854392932 888888888888888878405237858426
1 333333333333333073112368533625 -97780280
3 999999999999999784495057254834
1 999999999999999809306923703912 -85867328
1 777777777777777548121941697637 -133505744
2 222222222222222162175963977567 444444444444444872566384823165
1 166168690303399 191441504
3 888888888888888613434707042579
2 444444444444444300145159086271 666666666666666314077217324017
1 333333333333333078143931750346 -5631930
1 164868447304057 -59354151
1 555555555555555767490818569995 -478699999
1 444444444444444526245562287353 303149492
1 999999999999999668152504593992 240461950
2 318463287068439 943935067221858
1 555555555555555195220702055901 127726832
3 111111111111111802906829670822
1 222222222222222054332506072287 481253446
1 222222222222222205855076171679 -441023745
1 111111111111111303516293382650 -178608259
3 999999999999999612583817756366
3 777777777777777924050685886568
3 777777777777777761804057588748
1 777777777777777758944735669475 144630054
1 333333333333333550237476844139 367887170
3 222222222222222574415665631371
3 538154120775699
1 888888888888888357109651837970 -115811513
1 666666666666666228661380195689 55320243
1 999999999999999867812932985080 322313979
1 111111111111111002691518068555 241996427
3 888888888888888383989031505111
1 777777777777777475171350088364 -483650790
1 444444444444444019763708188576 64756317
1 111111111111111536307940685711 127468540
1 999999999999999440086984663282 -77170083
3 222222222222222324905874638750
1 999999999999999364985422021798 48743489
1 777777777777777670052295751027 157050276
1 888888888888888991266679607318 -241829603
1 666666666666666508276563412770 -496866197
3 333333333333333118682679925789
1 666666666666666375309438492135 364467512
1 204342548492208 391639591
1 997783809431245 252124968
1 888888888888888454704325260165 77382624
1 555555555555555105555545113534 -449941410
3 333333333333333630723045562306
1 999999999999999445468252344220 239307552
1 222222222222222507260047470940 388523497
3 347625388903500
1 888888888888888291321151203740 436663767
1 333333333333333261292170073759 -294698821
2 555555555555555832800411800253 666666666666666835106044331909
1 666666666666666030654378687712 -208907031
2 451716404632400 111111111111111223586950326233
3 999999999999999116763781186433
3 666666666666666524186037899893
1 777777777777777790331260823457 264467966
1 333333333333333339286900745846 -425804480
2 222222222222222419623133489159 555555555555555719979726674793
2 555555555555555807843834114822 999999999999999352735146663628
3 666666666666666642072230502301
1 111111111111111526729234470772 -240182468
1 111111111111111278742990374964 -452580095
1 378892151271029 -37349348
1 111111111111111781226679594956 -326156471
2 222222222222222389269420290748 777777777777777824524142268507
1 555555555555555459865929566570 -473178088
2 555555555555555702256492773054 666666666666666761392239532682
3 111111111111111921211190716153
2 222222222222222645644603538339 999999999999999828503764980979
1 777777777777777953382717302593 314744577
1 444444444444444132945555794504 -40965294
2 333333333333333460030058367208 555555555555555878541609992344
1 999999999999999244633336531202 145246443
3 777777777777777224536533598478
2 222222222222222284778416940205 999999999999999465861633276517
1 222222222222222142397376223957 477835103
3 333333333333333880349998850825
2 444444444444444261360816116436 999999999999999256441976026253
1 666666666666666857914362665410 -304987699
2 555555555555555565993304230140 777777777777777056856347007578
1 444444444444444947686738794615 130016308
2 555555555555555658511101154399 999999999999999725830450393039
1 777777777777777832123863279109 233565275
3 999999999999999666975620407839
2 111111111111111164413561934959 999999999999999006488570528123
1 666666666666666600160802476056 328750330
1 999999999999999603212830304691 -267264250
1 999999999999999927805243078457 257285387
2 555555555555555290834679361622 777777777777777120593048155325
1 777777777777777943533473397499 -332277537
1 444444444444444070671570066714 -431729041
1 222222222222222965656177674453 -400855187
2 222222222222222405947965428162 555555555555555966817984440858
2 111111111111111188642737008547 111111111111111358290149816749
1 333333333333333444844604483350 -13131065
3 999999999999999315636740982906
1 444444444444444825061949641769 -271313201
1 666666666666666322329796633305 -291539560
1 999999999999999000212947111347 -435008831
1 777777777777777226566685234014 213371701
1 444444444444444200359927587848 -87552167
2 369279406426787 222222222222222445760548780506
3 555555555555555232047177474532
3 928347007686977
1 111111111111111987458658344590 199046450
3 494418899333945
1 888888888888888642934330059196 -50936962
3 333333333333333335413358073713
1 111111111111111681559181906223 414698706
1 400290583587103 -119828755
2 333333333333333398025869063832 555555555555555816450268984134
1 777777777777777833655756115164 385226772
2 222222222222222774506190589126 777777777777777917315008404947
3 333333333333333218468676648975
3 777777777777777331291641194279
1 555555555555555144760218437552 -70303752
1 444444444444444746677229894592 70530785
1 231648664119452 430439279
1 333333333333333062903138795820 277918373
1 777777777777777427630937846041 10914255
1 222222222222222169531155582318 110029442
1 777777777777777580488734729756 12815578
1 404980837184343 242513759
2 777777777777777730996487225216 888888888888888291027929399747
2 888888888888888889440558013776 888888888888888991548989134783
1 111111111111111532216542809212 -286551344
3 444444444444444642228804859963
1 111111111111111069486336264829 -317339612
1 555555555555555301441485401026 414206519
1 444444444444444684190138045361 -6391595
2 111111111111111004877445754491 666666666666666082100243721632
2 444444444444444899710873132407 777777777777777449576671573677
3 102367556695481
1 777777777777777293539643779905 -415626951
1 777777777777777859858961030162 -96508414
1 888888888888888415732564150401 -265612139
1 333333333333333430533417701673 -188407240
2 639411549379495 333333333333333231001728210086
1 222222222222222587593745192103 -65861748
1 333333333333333541899883509444 -273917111
3 999999999999999083206114643765
1 666666666666666251357562026157 -259132137
1 222222222222222655903875876882 -79106388
1 444444444444444122103536507960 -187015893
1 888888888888888855778346807061 -182251609
3 888888888888888169710843581557
1 111111111111111119416724446032 -19057856
1 111111111111111131808913930707 -110660178
1 555555555555555963440930111307 464587368
2 888888888888888311840273497971 999999999999999751939054075826
3 555555555555555916083412489389
1 777777777777777465079110794363 254973722
3 222222222222222727521003461482
1 682386328692340 335799921
1 555555555555555702226938123703 417233888
1 532103393419550 77670413
1 111111111111111370587409581364 376054019
1 222222222222222457311558516368 -418473971
2 222222222222222363567789995493 888888888888888939791202142893
2 888888888888888573497925190808 999999999999999605339186078326
1 444444444444444262095599462065 63908185
2 222222222222222613125901726628 999999999999999599012510889603
1 111111111111111759602088652723 -371888894
2 333333333333333919665261754811 999999999999999206718667816507
1 333333333333333617922787387019 198150895
1 111111111111111763418268680466 227299848
3 888888888888888343608300498337
1 444444444444444457135563122471 438849368
2 666666666666666359530522804962 777777777777777836455202487931
2 333333333333333868797084390034 444444444444444180279843303339
1 555555555555555689174885679832 451770281
1 444444444444444960835171933780 -361441028
1 888888888888888460177969462188 148582744
1 777777777777777712623831180567 -464622736
2 111111111111111265229372496295 444444444444444828760176091464
1 555555555555555712617982946443 177440708
1 222222222222222203247318801250 493601382
2 333333333333333512576374849744 888888888888888402175531051710
1 444444444444444781638513844676 -484303336
1 666666666666666329117924469580 68354480
1 333333333333333718249529619717 -166455886
1 555555555555555919093134560278 454965216
1 444444444444444101889013031042 77853622
1 999999999999999231811032391110 185650110
1 111111111111111256862367213079 431194334
1 555555555555555446763403647167 320118457
1 444444444444444102428186459860 -217555175
3 485295629126872
1 333333333333333656674976293929 -21730523
3 333333333333333657837759598232
2 729853254031262 555555555555555242157011895999
1 111111111111111569929376516232 311331159
1 333333333333333671634596271826 -314512797
1 999999999999999606526755158399 14593640
1 777777777777777903205070364102 -74517179
1 172601179079388 -77268395
1 555555555555555587483294329113 -184393057
3 333333333333333581160650005588
2 333333333333333826009951437667 777777777777777177831247346017
2 444444444444444452259654668538 777777777777777407363708974254
3 555555555555555370645048323539
1 888888888888888655711873497994 -52349980
2 222222222222222870405554144132 777777777777777630705703781577
3 555555555555555509139717664007
2 222222222222222673871439913150 555555555555555494514081344013
2 111111111111111484929376731274 444444444444444602057652290152
3 666666666666666061238877379655
2 333333333333333843962811274988 777777777777777304875334478206
3 333333333333333617045712212534
2 111111111111111129431467666152 111111111111111350221019242153
1 222222222222222639197195646925 -227419093
3 999999999999999621879236357725
2 111111111111111633445461388868 999999999999999955665593276547
2 698950553572054 555555555555555245090885623306
1 222222222222222953013852506767 -43867861
1 777777777777777077497386588035 -193100999
3 777777777777777967977720403324
3 777777777777777687988671645051
1 555555555555555808585277029466 -88714254
