1000
2 552 779
1 991 135112325
2 9 882
1 550 21386947
3 772
1 772 -169304228
2 113 665
3 332
2 224 228
3 229
1 443 477813346
1 8 -365012076
1 221 -176433171
2 116 555
1 116 419983209
3 442
1 4 6228922
1 883 179793505
3 116
1 770 -136933284
2 338 449
1 773 -75300716
1 889 -137648282
1 558 -98768921
3 113
1 882 312701928
1 886 391400858
1 330 -245789723
1 445 -323162053
1 990 47523817
1 7 264651292
3 7
3 443
1 668 -380452304
1 113 -337042234
1 9 212188424
3 770
1 7 -31178651
2 117 669
3 661
2 333 880
1 119 -464501747
2 224 998
1 882 300101957
3 886
1 113 300822111
1 660 341177636
1 338 -112930667
1 339 -281473090
2 444 550
1 550 122186628
1 885 -471640189
2 445 551
1 334 372443688
2 4 226
1 665 -21447219
1 117 -203682614
1 337 -113213188
1 115 251727462
1 999 -175475657
3 556
3 993
1 661 -445392721
2 229 992
1 667 -147914258
3 225
2 8 889
1 2 35512485
2 9 222
2 118 447
1 119 -128365265
2 337 440
1 772 -19627747
3 881
1 554 343017104
2 227 995
1 336 69963330
2 448 558
1 223 -431030755
1 555 18316615
3 119
1 228 -306467744
1 664 101685130
2 336 448
1 666 -329490494
1 774 239918615
3 440
1 111 -333411757
3 881
2 118 994
2 777 881
1 887 446491606
2 556 991
1 441 -206541118
3 558
1 888 306943036
1 440 302937021
3 774
1 114 128300928
3 993
1 330 -222629373
1 113 -235799716
2 663 883
3 998
1 556 -465697009
1 441 -82491667
2 330 338
1 229 327932513
1 444 3825818
1 111 415855525
1 998 117442767
2 114 119
1 337 -427790646
3 1
3 550
1 226 260850202
1 888 455055397
1 551 278658125
1 0 -44081351
1 554 431277882
1 448 437785575
2 8 881
2 557 888
1 885 325549825
1 668 -187260942
3 224
1 336 -365063340
2 333 448
1 114 -417705099
1 4 -234299395
1 228 -350258109
1 446 -384586765
1 662 155756957
3 998
2 0 6
2 227 669
1 0 88932170
2 554 661
2 3 885
1 448 166357362
1 773 -375147281
3 669
1 446 -488937451
3 665
1 773 -364610055
1 444 -209319742
1 664 -41338322
3 557
3 665
1 669 349659738
3 0
2 3 886
3 886
1 445 -305897173
2 885 887
1 667 -471502508
1 330 334805766
1 335 16888250
1 552 -404850265
3 556
1 335 -109486127
1 448 128861397
3 552
1 117 -19349092
3 660
1 993 -271810250
2 4 330
2 2 662
2 229 664
1 2 434581115
1 553 -187106631
1 888 418286550
1 778 -17936313
1 662 -129788685
1 1 332693070
1 225 374545518
1 115 -62425955
2 558 669
1 3 164843808
1 111 31906764
1 335 -470120517
3 334
3 773
1 553 61393887
2 119 442
1 336 -472055248
1 997 -417823000
3 443
2 4 555
1 777 201830296
1 666 321653389
2 223 997
2 444 777
1 447 236488323
1 227 -417603968
2 222 996
2 880 881
3 777
1 664 -82462900
2 111 220
2 111 661
1 773 496656575
1 227 -362751897
1 776 -489303050
3 227
1 330 221043894
1 770 -437407571
1 883 257198107
1 994 -230439115
1 558 337735581
1 442 94758800
2 7 882
2 333 660
2 662 880
3 338
1 112 -438179935
1 775 -421737890
1 333 482140450
2 330 994
1 559 298767791
1 335 42649534
1 776 102900808
1 661 -229515481
2 332 778
1 0 297300145
3 118
2 118 771
1 990 81623934
2 887 995
3 111
1 555 485966409
1 115 -297538959
1 449 -312185027
2 225 880
1 887 -469036830
1 888 -488686654
2 5 9
1 113 -208971774
2 660 991
1 9 274085529
3 229
3 441
2 446 558
1 991 -328340297
2 5 991
1 4 334466427
1 116 116386570
1 225 -276381651
3 553
1 221 -395278206
2 2 444
1 556 436984694
2 117 224
2 225 226
1 222 430696680
3 888
1 222 -442440145
1 331 -308348655
2 116 332
1 882 -63323445
2 777 883
2 552 997
1 6 -473644491
2 885 887
2 116 995
1 667 396382139
1 778 -6888484
1 883 360519861
3 5
1 440 -70529378
3 333
1 666 -337629227
1 339 481319362
2 228 551
1 661 166976966
1 663 457352397
1 119 -110703315
1 776 -497232095
1 559 304530829
2 118 224
1 225 299964299
2 5 774
1 336 104697282
3 880
2 113 667
1 442 77586177
2 331 884
1 443 435275181
2 228 553
2 228 770
1 7 -76346225
1 556 204280177
1 557 -466564750
3 663
3 443
1 1 45858298
1 119 335821024
1 4 479963758
1 113 240209978
1 557 -386440621
1 662 -486269954
2 339 449
2 330 882
1 2 -455545638
1 222 -361379510
3 227
2 9 667
1 885 -445773501
2 224 884
2 0 886
1 334 -51491934
3 773
1 332 -271150698
1 116 -312679298
3 994
2 113 662
3 880
2 553 770
1 221 -313905050
1 442 289818069
2 1 555
1 992 -113447765
3 339
1 663 -280034101
3 552
1 887 -182219866
1 888 155413468
1 336 -291814087
1 337 327861438
1 888 117133425
1 441 33452324
1 443 5214022
2 443 885
2 117 228
3 0
1 999 -124635367
2 118 448
1 997 330807012
3 227
1 337 307994435
2 0 668
1 8 133615977
1 553 444581869
1 888 281011896
3 991
3 776
2 2 661
1 333 -28247783
3 664
1 771 -15298419
3 550
2 111 661
2 330 446
1 886 -64438514
1 666 -468488663
2 0 112
1 882 294216899
1 771 414037943
1 441 -199377587
1 884 319470431
1 0 113140611
2 774 779
2 228 448
1 444 -95543567
3 882
2 229 337
2 332 779
2 330 882
3 668
2 663 668
1 229 120791821
1 882 -214412532
1 880 212259877
1 119 -483640980
1 112 -201657946
1 220 249175694
2 228 552
1 770 -366820060
1 335 427271300
2 335 885
1 551 -81278724
2 220 668
3 775
1 440 135379956
1 2 -288036056
1 440 222419118
3 9
1 0 367558402
2 7 8
3 661
1 773 -446802561
3 774
1 3 736535
3 551
1 224 -374591072
2 337 444
2 220 664
1 994 375218733
1 555 256610325
2 663 995
1 227 159963560
1 550 179586745
1 4 -132508044
1 119 -284808350
1 998 -79815966
2 228 444
1 889 -408247663
3 995
1 335 -182536341
3 779
3 110
1 996 -454477099
3 110
2 225 551
2 110 118
1 886 -294883832
1 774 436907761
1 113 -107539858
1 552 439168371
1 336 -111455245
1 667 -201683851
1 994 -298683385
2 6 886
1 884 379809812
1 0 68641650
1 221 195798851
1 664 60756156
2 226 553
2 440 997
1 440 -249638071
1 771 -22727679
2 770 997
1 337 236708468
1 227 -436758905
1 551 383972910
1 335 192765503
3 887
3 113
1 771 208768943
2 339 441
2 442 664
1 9 -205668433
1 225 -427446078
1 443 426000021
1 551 38062357
2 660 772
1 444 -207418713
1 228 227289527
1 228 420287623
3 441
2 116 662
1 995 400677771
3 442
1 554 -353582335
1 118 -38136445
1 555 426388530
2 114 993
2 441 557
1 885 454507189
1 333 -163423294
1 998 -191624102
1 557 -20764482
3 553
3 556
1 448 -230132308
2 224 882
3 550
1 114 -49128001
1 9 100709791
2 446 991
3 449
1 117 254154217
1 887 -411684975
2 111 338
1 222 -485664897
1 225 229874358
1 7 -409739430
2 331 772
1 998 -418962293
1 773 496672564
1 220 403812414
1 558 300880754
3 887
1 5 -118145729
2 1 552
1 112 334004461
1 550 -366007294
3 114
2 774 998
1 557 -121947618
3 884
1 883 -207636184
3 334
3 335
3 6
1 443 345560105
3 665
1 448 -190139596
1 222 -129659373
2 557 660
2 777 992
1 554 49979234
1 666 -172064488
2 1 880
1 8 344214537
1 992 146569470
1 882 -132860428
1 334 -380668639
2 660 773
3 554
1 117 -495953277
1 554 -418808676
1 770 495658275
1 668 -114690003
3 336
1 338 -457183848
1 112 139076465
1 115 443195478
2 886 990
1 556 26733726
1 552 307921980
1 440 -137843298
2 559 993
1 559 -388490506
1 669 -377021420
1 7 -479736587
2 4 115
1 114 -370570603
1 114 -481053844
1 996 -462376784
1 446 279583196
1 550 -181115381
2 227 884
3 0
2 770 778
2 222 772
1 668 -356394693
3 335
1 776 -333907126
3 996
3 115
3 664
3 663
3 115
1 555 -460983319
1 775 242284459
3 440
1 995 -431742913
3 771
1 888 168915019
3 771
1 4 326907595
1 778 485053887
3 881
1 554 -288919430
2 663 667
2 119 667
1 6 85479264
2 115 221
1 557 51110188
2 330 778
2 778 991
1 224 -495535238
3 661
1 225 56914194
1 996 -322875244
1 228 -147604880
2 0 335
1 2 -136982737
1 884 -285727951
1 883 498165597
1 552 100945872
1 229 348474131
1 990 -249208286
2 118 445
2 995 996
1 223 343224049
2 111 445
1 772 115813125
3 773
3 666
1 446 56906532
2 227 338
3 115
2 116 337
1 880 -23428482
2 440 557
1 999 -20759214
1 2 50477885
3 888
1 881 382862720
1 777 -356177234
3 110
3 113
2 3 229
1 776 339030152
1 226 273823629
1 999 465898555
1 229 -49548663
2 336 887
1 441 -207697387
1 885 -486802307
1 2 -463981395
1 8 343395447
3 118
1 551 -61906350
1 779 288825330
3 113
1 662 163590192
2 663 998
1 772 97880542
3 333
1 228 359521288
1 337 -380466044
1 7 -20959760
1 331 -78899727
1 110 141644969
1 552 -204387005
1 667 -331454227
1 118 -453636393
1 115 -497131672
1 552 -483407606
1 557 -331931197
3 114
1 886 -3262925
1 336 -395426678
1 555 170467219
1 0 290590632
1 773 -73548703
1 774 -315823099
1 997 356180381
3 556
1 773 226777422
3 662
2 111 445
2 668 881
1 4 -247989638
1 772 5011297
1 446 465659463
1 112 -453772230
1 447 237371976
3 113
3 550
2 664 777
1 115 -375543460
1 224 222917336
2 335 661
3 228
1 774 -408925254
1 444 75084600
1 882 -88793869
1 882 -168577868
1 4 -288495332
2 554 999
1 332 -257141870
1 771 115536425
2 2 996
1 8 -124936056
1 334 184571579
3 117
3 775
1 446 -384704660
2 228 888
3 331
1 332 128577352
2 221 779
1 444 495781673
1 112 -21665731
1 880 -418084927
2 4 228
2 441 993
2 336 558
3 334
1 559 363890767
2 4 229
3 557
2 8 225
1 773 265507441
1 441 224498242
3 334
1 779 207773006
2 440 883
2 2 557
2 331 556
1 669 416240361
1 992 458290524
1 112 44583267
1 773 42997697
3 881
1 332 291117847
1 2 254482234
3 116
2 557 776
1 886 29685837
1 668 -478182924
1 227 -141754188
2 445 886
3 1
1 667 221394776
1 334 -110688815
1 114 272072708
3 551
1 994 183278384
3 112
2 229 330
1 772 245202503
3 668
1 665 -334694107
3 551
1 558 32811368
1 669 -20008444
2 8 552
1 112 -415984755
1 669 -228815335
1 883 311461916
3 440
2 667 778
1 225 -395250825
1 777 -497208484
1 222 -438657143
1 228 478417783
1 1 35150299
1 999 5138257
1 6 -43377910
3 333
1 330 311767645
1 990 345865967
1 779 260436847
1 335 -79089294
1 335 292917298
2 9 552
1 332 466418815
1 445 -367433782
2 665 665
1 775 -311025056
1 441 -361479002
3 555
1 779 270009447
3 554
2 332 668
2 0 669
1 999 360732587
3 664
1 338 306913486
2 662 880
3 668
1 112 113947048
3 112
2 882 999
1 7 65356931
1 337 455145784
1 992 134612335
3 559
2 776 777
2 224 992
2 443 665
1 888 -407306958
2 7 991
1 224 220934097
3 776
1 110 -407057220
2 330 553
3 666
2 443 554
1 111 421904580
1 117 -153650843
1 999 -319688336
1 117 368412212
3 331
1 775 411328866
1 331 -175974460
3 224
1 229 226972839
2 331 556
2 227 555
3 116
1 772 -126379209
1 557 -324994097
2 224 336
1 9 105181449
1 886 405108945
1 993 -436984229
1 446 -34540259
1 550 -344323463
2 556 774
1 112 -200647170
1 773 -414454318
1 667 -109845138
1 996 490449230
2 119 333
2 115 221
1 0 -449527937
1 448 -69865000
3 552
1 775 -373659678
1 448 -71685167
3 6
1 770 293248305
1 4 -83193747
1 774 321963496
3 9
1 443 339217884
2 331 557
1 666 62900926
1 3 -417516893
1 668 118997709
3 228
2 115 992
1 331 87537729
2 5 886
1 226 217978522
2 225 990
1 443 -456679583
1 777 258633220
2 4 664
1 665 143262861
1 886 -373072074
1 886 -489971662
1 779 -326028802
3 996
2 446 996
1 2 -471411998
1 444 408528486
1 991 397432661
3 448
2 113 776
2 334 335
2 224 444
1 992 -184014471
1 664 -458040510
3 881
1 662 -141138278
2 444 774
1 997 -116690896
3 995
1 553 273113490
3 112
1 1 -435002870
2 445 772
1 556 -193535227
3 444
1 551 -25239492
1 332 -155151679
2 224 775
2 332 550
3 778
1 552 429986962
1 666 71608218
2 332 444
1 553 -282755730
2 445 882
3 113
1 668 447811499
3 669
1 0 461021874
1 334 -38570735
1 779 70350699
1 886 227957261
3 337
3 115
1 993 -363669528
1 662 414342936
3 888
1 558 7893683
1 6 26939326
1 771 163578327
1 886 -27356523
2 777 995
3 663
2 440 884
1 448 -316236985
3 776
1 888 -463143598
2 555 995
1 669 -243720781
2 3 335
1 993 308664116
3 557
2 6 996
1 333 -74918703
1 221 -465815598
3 668
2 0 555
1 669 -397222525
1 998 175185148
3 775
1 660 210202966
1 558 -396222920
2 442 993
3 117
1 221 -39760064
1 779 114801255
3 558
1 667 445324177
1 4 391045536
1 885 -133769656
2 880 993
3 884
1 448 485135946
1 337 -221319489
1 770 -375245057
1 443 -360301043
1 666 -376265709
1 117 412558522
1 990 416153430
1 551 -358353537
1 778 357335554
2 661 990
3 7
1 551 -372285202
1 887 -457148892
1 1 -104509646
1 440 -421505909
3 993
2 226 662
3 990
3 775
1 229 175770826
2 8 990
3 552
2 444 668
1 993 -258394825
1 999 166981231
2 113 445
2 118 993
3 884
2 6 663
3 225
1 5 321678030
1 442 178364144
3 990
1 997 398718679
1 228 -28075898
1 881 -289668285
1 330 123249870
1 113 -456573789
1 1 367767099
1 331 434539524
1 996 -416344933
1 775 278491949
1 884 -263362003
1 778 -335740030
3 774
1 559 422357602
2 117 442
2 223 330
1 114 442142935
1 660 420187523
1 6 257204318
3 660
1 778 258483087
3 883
1 991 -408388548
1 1 342666820
3 224
3 116
2 550 886
1 111 -297459102
2 226 441
3 666
1 447 169987614
2 3 4
1 556 -126025635
1 555 310840193
3 3
1 115 464339896
1 998 451109024
1 772 211210279
1 223 119899446
1 778 -24306946
3 771
1 885 119022703
1 883 347311506
2 3 770
2 664 889
1 336 -333255478
3 660
3 223
3 448
2 110 556
1 665 -487779882
2 228 447
3 3
1 778 80152631
1 888 97483438
2 445 551
1 775 393499802
1 337 -386177935
1 991 -406315126
1 771 -69281329
1 669 -71594111
3 443
3 668
2 441 993
1 337 160295725
1 227 315484563
3 440
1 446 -413762998
1 882 -90085456
1 225 -33396321
