500
3 994
1 9 -397397148
1 885 -364042505
1 332 -478829228
1 442 -32664951
2 775 994
1 774 196769491
1 8 -422557368
2 337 338
1 885 336130845
1 559 118398872
3 8
1 339 -173651609
3 664
1 666 -378352678
1 555 108670556
1 881 233704838
3 0
1 666 -390946057
1 771 -90644749
1 111 378418325
1 884 -278780514
1 447 276072522
1 440 -216955832
1 557 468839272
1 772 301454999
2 998 998
2 225 558
1 110 47383030
2 4 226
2 227 771
1 883 259620378
1 880 -415757622
1 447 17614601
3 6
1 662 408582796
1 776 34243275
1 998 -301778006
1 667 -164955673
1 445 7968534
2 777 993
2 555 774
1 7 -493253326
2 886 888
1 665 56259870
3 446
1 446 -171954893
1 445 -206372951
1 116 -31996510
1 660 257168302
1 770 -210319911
1 994 -440786912
3 886
1 229 -445595259
1 441 -461026657
1 220 286485474
1 778 207436586
1 335 -434043713
1 990 -88716331
2 2 337
1 666 -272484572
1 444 -373412840
3 883
3 880
1 339 -354328589
3 887
1 997 -386951148
1 338 397504726
1 665 444049284
1 227 -271022748
1 552 133629850
1 117 -34887962
2 555 775
2 661 993
1 886 468754522
1 992 180189793
3 8
2 228 337
1 774 10211694
2 118 667
3 779
1 777 -201131487
1 2 301018096
1 222 202054179
1 9 251828855
1 113 472928445
1 8 -101287263
3 559
2 667 774
1 3 229569157
2 226 228
1 339 -187673563
2 559 990
1 9 386372086
1 779 -283936894
1 334 -348193936
1 559 102110575
3 2
2 5 226
3 669
1 668 200189302
1 445 75582711
1 116 50734792
3 331
2 660 889
3 556
1 112 -391657358
2 221 996
1 660 -25719005
2 336 661
2 220 881
1 551 -324215931
1 221 438215660
1 668 -2543912
1 115 331769804
1 662 218422522
1 559 -443272372
1 441 -375379231
3 777
1 0 217418010
1 884 334397168
1 3 -278375897
1 992 -331710054
1 552 -493627167
1 999 -333755994
2 116 999
1 661 233949665
2 440 553
1 332 333200046
1 111 -481422706
1 220 -90304622
3 881
3 552
1 994 419354928
1 558 -491839706
1 557 146116451
1 776 385858789
3 222
1 554 -395902183
3 559
1 990 220033430
1 662 -249642733
3 661
3 992
2 111 770
1 996 -345751858
2 776 885
2 4 660
1 335 -127780264
1 883 -472000726
3 444
1 887 -453090772
1 882 482529035
3 993
1 443 -156021135
1 228 241884873
1 669 211352712
1 887 -228659613
1 551 130736958
1 440 -361761072
2 662 881
2 338 887
1 223 -300907947
1 550 137393858
2 226 775
1 442 -376317648
1 557 450561686
1 111 -192771590
3 996
1 444 438177112
1 440 -99793536
1 554 -404316997
3 333
1 0 -192129923
3 115
1 553 -376540697
2 335 778
1 777 343389264
1 0 -78189547
1 998 465247981
1 552 106193983
3 550
1 779 -415751607
1 227 -453664602
1 119 206253288
1 773 30232043
1 114 349199478
3 990
2 113 339
1 660 -41987770
2 5 447
2 330 331
2 668 889
1 666 -444770877
1 992 -483347538
1 669 253634101
2 1 557
1 996 110486217
1 113 -428757415
1 995 337636382
1 336 -432074987
1 222 -127729398
1 110 43013996
1 889 271950284
1 997 -386758585
1 449 330509383
1 225 -499867376
1 115 -467581124
1 553 119653521
3 331
3 882
2 0 662
1 226 363714891
2 772 889
1 6 80561435
1 1 -48588140
1 558 -362005047
1 779 355171333
1 229 -1911154
2 336 554
2 227 229
2 2 991
1 221 -232798406
3 0
1 774 482631634
1 998 -283977644
2 0 337
1 443 484466725
3 339
1 997 -354518878
1 772 48594927
3 557
3 4
1 113 186158929
3 777
2 331 777
1 442 347381434
1 771 395567086
3 664
3 116
3 448
1 442 -214069268
1 1 381663203
3 992
1 551 -327196545
1 111 264562417
1 4 403577895
1 663 99580270
1 5 341782113
1 227 -281602669
2 665 880
1 446 171037528
1 221 -69272130
1 779 191609138
1 9 322836370
1 880 -100029363
1 663 249483247
3 116
2 112 661
1 229 -96051025
1 116 -216789604
3 9
1 444 -149909826
3 664
1 557 327273470
2 446 774
3 3
3 330
1 9 425027553
1 115 -35551949
1 660 352717685
3 440
2 668 779
3 660
1 4 80152810
2 119 992
2 228 557
3 664
3 117
3 113
1 440 193976585
1 444 -101675918
3 442
1 227 -180533759
2 667 886
1 550 -447820906
3 778
2 779 886
1 771 487657134
2 4 664
1 225 164467424
1 554 -211759349
1 449 -361189010
3 550
1 115 128955020
1 660 426111766
3 113
1 778 -34712198
3 995
3 440
1 558 -177303348
3 772
1 228 132078419
2 882 996
2 112 882
1 8 104779937
2 443 991
2 1 771
2 667 775
1 776 -338517937
3 771
1 995 -400175364
1 888 181845126
3 666
1 110 380539722
2 557 663
3 4
1 116 -226962728
1 660 102598312
1 995 -29492473
1 4 207651433
1 996 -282528767
1 992 13987091
1 882 -462313335
1 557 376911099
1 332 -145802239
1 992 238689435
1 115 81959944
1 991 -471626487
1 440 -467958651
1 995 366817342
1 3 -102107904
1 223 190840654
3 443
1 995 -397969356
1 998 -118321152
1 558 -379166307
1 334 -323592497
3 336
1 551 -259737729
1 449 -40810420
3 3
1 881 -37040548
3 115
1 665 151744317
1 883 -411768966
1 991 -4487661
1 227 -99739891
1 227 46174221
1 3 441212948
1 990 149822810
1 995 481004477
1 0 204123562
2 554 668
1 336 -55946531
1 449 -203829152
1 661 -411054322
1 771 372970658
3 551
3 779
1 664 -139030158
1 5 -96218619
1 9 -238714507
1 662 126896615
1 115 -294779839
1 778 467098247
2 336 447
1 888 -309828656
2 334 998
3 228
1 776 54614720
1 338 397940598
1 226 72217753
2 221 443
2 228 339
1 114 65676350
1 226 -475812308
1 779 -392254204
1 336 -319749313
2 114 115
1 8 -279839921
1 224 -68191925
1 222 -288044660
3 558
2 888 994
2 221 449
2 558 888
3 335
2 332 335
1 0 -222778061
1 113 420761796
2 331 559
3 9
1 992 -267562051
1 0 -410786223
3 888
2 883 888
3 111
1 446 -17719499
1 338 211260549
1 885 -145378126
2 335 997
1 442 173989692
2 9 886
1 991 -393170291
3 552
2 222 881
1 226 -410872438
1 882 -368054057
1 662 -477209842
1 6 -409948112
1 884 -160581074
1 666 -97957837
2 337 668
2 228 776
2 112 442
1 771 146670405
1 118 -452694416
2 114 662
1 669 23899473
1 889 372040620
1 229 371033345
1 228 -224452016
1 667 -207319925
2 115 553
1 884 402517233
1 117 437214301
1 111 41125740
1 333 -434929461
1 444 -191667463
1 6 156443920
3 336
1 664 130043956
1 222 488746923
3 2
2 229 991
2 227 337
2 224 555
3 770
3 1
2 334 442
3 221
1 220 141637967
1 443 -209889804
3 225
1 880 -353643584
3 665
1 557 453569966
2 774 992
1 116 -473711402
2 442 880
2 773 886
1 559 -256399120
2 110 335
2 663 995
3 339
1 227 391268491
2 444 779
1 227 334872485
2 1 228
1 7 -25123707
3 772
2 116 995
2 334 550
1 339 -453743741
2 885 885
3 557
1 550 -443743811
1 332 -412599114
1 556 255730315
1 115 -218490910
2 111 449
1 554 -412096164
2 229 336
1 553 -404109218
1 993 -79565645
1 449 164323202
3 778
1 558 433693802
2 119 441
2 557 661
1 995 434677217
1 228 395997070
1 8 105533078
1 552 -266542098
1 665 -317012043
3 992
1 440 -453239002
2 554 771
2 110 336
1 448 -464979447
2 777 999
1 554 -283062837
2 118 998
3 442
3 881
3 3
3 556
3 221
1 668 103649799
