100
3 32
2 10 95
1 50 251667676
1 72 -32319862
1 93 465218668
1 6 222897297
1 66 -133867754
1 33 331326970
2 9 58
1 24 -491751193
1 7 399282554
2 18 36
3 8
3 23
2 48 52
2 39 60
1 46 -183757206
1 12 -260792905
2 75 90
1 82 262663071
1 88 -226640428
3 75
3 60
3 91
3 10
3 49
1 7 -412693683
1 17 -89749513
3 9
3 47
1 63 -72769222
1 97 -179496924
1 34 -472682762
1 94 244796666
3 61
1 61 -89367670
1 88 36833652
1 18 167324241
1 17 -134142519
1 80 488206591
1 6 43788773
1 32 -480072790
1 74 399399577
1 62 -119287232
1 19 -88561827
3 80
1 72 266226768
3 24
1 12 182695306
3 20
1 76 -462036716
1 85 -203010187
3 82
1 75 176500279
1 10 -49886892
1 81 283130972
1 36 -166114005
1 46 -259631879
1 62 209294324
2 7 12
1 24 162048561
3 71
2 23 25
3 30
1 51 175485896
1 42 171795903
1 86 -347697339
2 29 51
2 12 26
2 9 99
2 8 51
3 38
1 62 227027623
2 29 44
3 29
3 63
1 54 -451677551
2 10 43
1 72 206740438
3 85
1 76 -47781444
1 89 289483148
3 81
1 75 87697253
3 16
3 32
2 26 78
1 20 -284132246
3 11
1 91 3689365
1 46 -148937105
1 77 -438523315
3 57
2 16 85
1 32 107782204
1 82 -419573561
1 74 12648442
1 85 -475435493
1 3 143458644
3 5
