500
3 332
2 110 995
1 550 251667676
1 772 -32319862
1 993 465218668
1 6 222897297
1 666 -133867754
1 333 331326970
2 9 558
1 224 -491751193
1 7 399282554
2 118 336
3 8
3 223
2 448 552
2 339 660
1 446 -183757206
1 112 -260792905
2 775 990
1 882 262663071
1 888 -226640428
3 775
3 660
3 991
3 110
3 449
1 7 -412693683
1 117 -89749513
3 9
3 447
1 663 -72769222
1 997 -179496924
1 334 -472682762
1 994 244796666
3 661
1 661 -89367670
1 888 36833652
1 118 167324241
1 117 -134142519
1 880 488206591
1 6 43788773
1 332 -480072790
1 774 399399577
1 662 -119287232
1 119 -88561827
3 880
1 772 266226768
3 224
1 112 182695306
3 220
1 776 -462036716
1 885 -203010187
3 882
1 775 176500279
1 110 -49886892
1 881 283130972
1 336 -166114005
1 446 -259631879
1 662 209294324
2 7 112
1 224 162048561
3 771
2 223 225
3 330
1 551 175485896
1 442 171795903
1 886 -347697339
2 229 551
2 112 226
2 9 999
2 8 551
3 338
1 662 227027623
2 229 444
3 229
3 663
1 554 -451677551
2 110 443
1 772 206740438
3 885
1 776 -47781444
1 889 289483148
3 881
1 775 87697253
3 116
3 332
2 226 778
1 220 -284132246
3 111
1 991 3689365
1 446 -148937105
1 777 -438523315
3 557
2 116 885
1 332 107782204
1 882 -419573561
1 774 12648442
1 885 -475435493
1 3 143458644
3 5
2 445 882
1 220 273563267
1 664 489312268
1 339 -2456350
2 556 770
1 779 -337930355
1 113 -371072398
3 229
2 447 556
1 111 157955831
1 114 -22632818
3 112
1 224 43989705
1 559 404168483
2 669 999
1 887 77375256
3 225
1 883 -298413914
1 221 349587036
1 552 -359765998
1 880 -388777605
1 0 -364619896
1 333 -298675562
2 117 669
2 3 113
3 5
3 335
3 443
2 221 778
3 116
1 558 -496617185
2 113 666
1 110 -434636360
3 226
3 114
1 773 119107832
2 116 883
1 336 214156452
3 446
1 996 -240150343
2 339 669
2 5 9
3 559
1 448 -476652906
1 116 95857743
1 881 268816386
1 227 355016796
1 227 -58446838
1 663 -494596556
1 775 151634522
1 772 -466687097
1 663 99475121
2 224 667
1 228 415486797
1 115 -195754558
2 112 996
3 117
1 991 -396275765
1 337 -357388068
3 889
1 7 302219720
1 556 215201896
1 995 -454949053
3 884
3 662
1 668 -243990866
3 7
2 228 777
2 6 115
2 333 778
2 229 993
3 991
1 440 -262113520
2 5 660
1 110 424939426
1 663 -40680179
2 222 772
1 990 -223664154
1 662 -185335120
1 664 54083104
1 884 -62037308
1 115 330642970
2 4 441
2 221 229
1 3 221194483
2 222 775
1 997 202193462
1 443 444617011
2 222 666
2 114 991
1 449 -19211349
3 888
3 332
2 116 999
2 7 220
1 333 366550960
1 227 -401557388
3 994
1 660 482466231
1 888 320195492
1 880 -192572454
1 554 473350316
1 555 306315178
1 110 -28911894
1 994 406787557
1 449 -280140002
3 221
1 227 -153700820
3 992
1 886 180257822
1 992 58445139
2 6 335
1 660 -206190649
1 550 -219041001
1 8 389526931
3 886
1 991 -439057337
3 994
1 114 -76870367
2 113 994
3 118
1 550 -423422732
1 229 470178605
1 2 -293825929
2 0 880
3 886
3 668
2 550 777
1 445 486433434
3 440
2 2 883
1 116 6146416
1 443 -488575912
1 333 341286127
1 116 -212413905
1 994 382829710
1 111 -443912234
3 223
2 115 558
3 881
1 993 -449601048
1 0 447881217
1 113 -181616333
2 6 888
1 771 64420606
1 226 199354849
1 885 121680771
1 226 -304128735
3 119
1 772 57319541
1 2 489891614
2 112 445
1 335 140009241
1 667 254229244
1 881 -103633126
1 999 -392228101
3 777
3 779
1 551 195339599
2 225 662
1 5 342825978
1 446 -356359991
2 448 554
1 336 361507092
1 334 191997505
1 886 -440675372
2 110 668
1 448 -11259448
2 220 993
3 661
3 770
3 443
1 1 -345499790
1 229 -163943251
1 887 -100428946
1 224 -147317920
1 444 450230982
3 771
1 1 -308286846
1 225 137823767
3 778
1 330 -360376924
1 227 -341394674
1 332 -10372883
3 225
1 776 -453667551
1 222 317171641
1 332 373037014
1 110 -278933219
1 887 -85553782
1 668 -295530920
1 441 444282046
3 550
2 227 554
1 223 65667451
2 111 554
3 110
2 557 993
1 889 -250331254
1 667 122903727
2 113 444
2 777 997
3 223
2 118 889
1 997 406193638
1 9 -175237853
1 995 -450434725
2 663 664
1 999 291736693
1 666 -11610292
1 226 492229519
1 338 27161345
3 556
1 557 -316033328
2 440 550
1 223 376766821
3 112
3 885
1 331 172964938
2 1 885
1 3 144670780
1 882 -32616850
3 559
1 220 204614637
3 770
1 331 468377682
1 662 -373702145
1 994 176858217
1 330 453418212
1 441 29049460
1 997 -326445512
3 554
2 229 998
2 991 991
1 221 277836127
1 668 -98798212
3 220
1 774 -32528622
1 557 -91684699
1 225 -61158244
3 221
2 775 881
1 223 -27642260
3 667
2 449 559
1 996 -361574661
2 4 881
2 8 557
3 882
1 996 412997770
3 221
1 447 -141809824
2 117 337
3 8
1 999 394046892
3 224
1 225 -343449553
1 1 -136592175
1 883 386057088
2 221 330
1 777 -442483775
1 6 -269278482
2 226 551
1 555 250808601
1 994 263856493
2 2 883
2 775 776
2 552 774
1 887 459111288
1 779 -9821046
3 661
2 339 441
1 888 -418989189
1 229 -337167259
1 338 -196975348
1 443 -177456496
2 228 445
3 667
1 448 -75519472
3 224
2 113 551
1 550 69319187
1 558 -183138398
1 2 -300038789
1 884 63737389
1 226 128823689
1 661 303648609
1 551 490839938
1 114 98551608
1 444 -412232067
3 225
1 775 52202232
3 770
2 220 775
1 666 -230112085
1 227 259421901
2 553 999
1 882 276841112
1 556 414416426
1 662 397366850
3 112
1 557 -314019424
1 773 -123359101
1 557 -486592721
2 224 995
3 111
3 662
1 998 -172247457
1 994 -317043015
1 668 158346615
2 117 333
3 227
3 663
2 7 550
3 223
1 667 173802225
1 776 330139137
1 881 2955818
1 119 -68751704
1 229 330005479
1 774 281651844
1 881 292007865
1 119 146388553
3 885
2 338 779
1 225 -445317943
1 110 -89327498
1 886 -192733147
3 660
1 665 -145956441
1 998 -409811053
2 552 888
2 227 440
1 3 -77088653
1 669 -463658293
1 442 24441390
1 441 -140500248
1 880 -201423964
2 8 118
3 779
1 997 25928954
1 990 -211245716
1 331 466498942
3 887
1 771 -180672334
3 662
2 112 334
1 772 413171145
3 224
1 116 -58904079
2 440 662
1 0 63376996
1 2 491033313
1 444 106281281
1 775 438057611
1 882 -420659771
3 440
2 335 668
2 779 885
3 552
3 445
2 661 662
1 558 330945428
1 115 -127654186
1 886 29532580
3 117
3 993
3 669
1 776 226772899
1 887 -489825900
3 226
1 668 -392134739
1 444 -261507818
3 226
1 667 -192745973
1 221 -479195691
1 887 463497508
1 995 -337727713
1 440 304036211
3 996
2 559 771
1 444 106094529
2 7 110
1 222 -372781689
1 888 -399760431
1 440 -327904075
1 2 -150978000
1 6 74742654
3 664
1 777 -328510111
1 113 -41753458
1 664 -477576256
3 440
1 990 269498298
1 441 416778819
2 886 888
1 223 -50854944
3 5
3 221
1 336 -383784625
