10
197
80 196 194 178 67 9 80 82 38 177 133 89 62 85 25 73 52 63 42 98 82 6 147 92 79 185 77 197 2 5 127 83 114 177 40 74 12 59 120 21 13 163 10 146 17 153 129 185 135 97 118 76 96 93 42 66 66 24 14 179 45 34 49 142 148 102 141 2 82 141 114 124 104 140 160 95 165 138 149 101 67 121 180 138 34 127 4 77 185 157 114 173 53 124 176 27 41 153 189 70 20 42 73 180 68 163 154 18 133 178 86 89 53 45 186 106 187 125 158 31 84 28 21 32 92 197 94 65 25 153 79 148 63 142 103 173 131 168 114 115 144 197 83 114 133 56 152 189 91 17 98 32 127 46 40 146 98 167 180 151 158 95 150 123 102 62 187 199 61 63 199 81 175 63 170 200 188 4 79 87 135 86 80 81 179 81 154 16 152 11 198 67 147 4 180 6 178
197
14 90 101 173 118 92 191 182 5 5 48 130 105 43 58 86 76 170 101 102 83 179 104 101 108 94 178 3 118 113 195 186 110 36 132 67 187 175 174 165 186 101 7 14 30 60 178 94 49 186 39 156 69 30 6 108 105 126 11 190 44 4 73 87 33 186 167 116 26 182 6 91 68 74 35 110 22 92 120 86 125 37 95 157 13 150 194 107 139 146 74 183 134 180 124 156 34 125 90 3 62 111 38 89 122 196 79 3 186 100 65 22 112 100 187 191 26 158 17 122 114 130 116 18 115 103 129 71 105 11 139 79 14 16 143 103 46 7 96 158 174 1 50 153 36 145 151 199 163 81 148 42 186 65 70 169 154 187 122 71 59 125 189 154 194 176 118 168 150 80 17 136 75 164 183 190 22 129 180 89 198 20 5 193 77 138 189 22 177 111 81 194 80 2 156 167 81
200
13 82 44 87 169 200 166 79 128 170 26 133 26 120 192 126 64 200 101 150 79 193 144 96 101 148 70 9 188 103 10 118 113 173 169 99 162 4 177 166 184 140 54 113 76 75 103 75 173 59 84 10 183 150 155 165 154 147 110 131 29 125 37 113 182 30 200 167 72 187 136 26 158 22 167 10 64 110 35 183 107 71 65 123 19 39 24 106 74 12 2 27 36 68 41 117 86 61 195 70 84 129 7 48 64 85 8 129 100 119 113 26 39 80 174 16 82 94 140 79 163 129 155 179 17 59 135 84 131 78 57 95 36 148 29 20 161 18 103 61 138 93 175 140 41 28 90 108 175 124 157 7 189 97 128 72 84 167 16 11 100 25 169 111 158 31 9 81 48 150 179 85 162 108 47 160 65 140 167 82 175 154 29 121 134 4 3 2 190 54 84 195 93 5 170 79 34 19 193 158
197
131 169 107 149 132 74 112 29 97 1 37 30 14 89 134 147 14 120 111 179 93 185 165 196 101 131 106 81 29 154 129 76 12 91 198 76 182 65 66 113 134 55 89 79 166 73 137 91 75 155 27 76 182 53 92 98 187 110 64 108 13 16 182 146 63 134 190 190 144 200 114 66 87 166 13 60 134 15 17 182 80 194 160 3 130 50 3 107 127 138 143 88 110 13 196 166 154 11 189 19 40 4 141 53 86 197 161 171 190 83 13 76 175 192 149 85 198 60 142 120 136 70 99 55 191 34 88 30 8 73 54 77 121 79 12 46 176 65 105 70 62 123 98 150 156 25 64 57 131 91 166 16 9 65 179 139 23 64 46 114 56 136 16 74 149 72 70 134 33 79 57 35 157 195 131 166 178 115 29 134 177 7 7 47 107 23 138 175 16 176 10 75 81 139 162 172 44
200
5 79 102 165 75 80 195 172 79 82 76 78 178 129 102 50 79 188 7 92 95 40 92 96 187 15 85 42 83 63 15 16 119 42 159 189 37 26 135 51 22 178 121 158 25 106 32 65 129 198 115 70 184 38 44 161 28 131 142 104 85 171 194 19 4 197 194 98 104 10 29 116 186 107 192 51 155 142 134 183 184 164 71 124 29 160 3 190 114 10 185 105 19 6 32 72 126 158 20 69 168 66 199 112 5 92 70 23 104 98 155 80 149 91 162 177 11 6 61 141 173 137 3 108 119 99 198 102 176 2 126 36 41 111 50 26 56 65 83 39 115 159 176 93 96 139 132 141 199 187 165 136 118 149 169 143 129 76 26 109 167 99 59 198 102 123 95 160 194 17 61 189 98 55 29 144 134 20 42 145 102 18 131 185 6 123 3 189 92 132 125 167 36 114 197 103 158 96 1 100
197
177 82 11 27 191 171 196 53 63 48 127 30 121 121 121 171 168 86 157 62 146 165 192 171 129 126 31 134 113 25 19 163 30 8 84 120 71 10 7 90 160 135 177 150 180 145 57 6 124 178 154 146 43 135 125 59 129 57 185 79 195 113 126 88 197 39 67 176 150 27 120 139 195 113 1 151 65 160 69 67 11 44 177 121 129 117 56 175 56 28 197 92 109 78 89 86 118 187 178 93 142 114 151 167 112 94 6 51 14 176 53 136 87 49 26 37 159 114 36 74 58 185 29 198 93 115 136 13 8 172 48 109 190 114 37 171 9 20 14 151 87 90 134 171 81 85 196 59 197 153 161 143 161 84 147 95 133 200 117 151 133 116 26 196 54 170 59 99 139 151 40 8 29 88 126 87 63 116 25 81 182 71 39 43 106 119 159 182 6 46 188 72 67 140 46 9 40
200
164 9 116 92 192 165 135 4 66 84 162 25 14 95 182 46 158 54 153 156 34 88 70 58 195 183 82 120 57 94 117 153 128 200 88 1 180 141 35 124 190 178 106 146 21 75 51 88 168 97 149 117 27 190 92 183 33 114 150 88 169 179 95 195 188 68 3 45 48 124 154 113 68 33 88 156 43 3 40 67 74 172 39 82 159 141 74 140 118 108 55 87 115 101 83 83 182 82 173 11 65 67 22 22 167 182 119 98 104 176 4 93 78 104 22 148 127 151 81 24 33 118 114 94 51 95 16 178 141 30 21 179 34 108 6 100 85 86 4 156 39 182 136 75 53 1 194 86 109 103 121 18 96 194 114 114 137 191 195 82 37 133 59 151 100 39 144 179 53 12 183 66 155 108 156 111 116 144 14 51 87 61 20 135 24 181 109 196 50 192 141 4 26 135 108 138 77 9 111 7
199
120 182 87 14 183 88 79 57 71 71 146 183 147 82 59 86 64 168 72 102 99 134 170 11 135 173 56 69 198 10 66 67 105 192 22 153 156 16 10 12 162 156 42 18 155 180 174 169 76 159 21 83 46 12 69 188 171 17 109 19 147 87 151 131 120 121 146 121 132 154 27 164 52 127 11 140 32 128 111 130 130 178 116 3 120 195 50 45 72 169 194 185 127 166 29 58 150 162 104 179 173 91 156 150 32 26 131 95 28 11 92 7 171 41 173 146 150 172 105 86 144 122 63 72 195 66 76 195 45 41 63 125 176 177 95 186 153 142 58 173 145 190 178 183 96 23 97 117 93 83 81 191 131 199 199 9 183 173 56 36 184 12 146 163 188 114 53 72 7 20 119 193 156 65 164 119 114 198 98 162 57 126 153 180 148 51 131 167 110 191 55 29 136 149 58 198 177 150 76
199
117 147 37 118 140 47 148 9 117 40 179 74 62 61 41 131 26 109 35 11 23 166 138 184 94 103 157 57 174 122 154 90 163 175 173 23 59 26 82 105 7 122 167 23 57 104 198 56 102 180 86 34 38 197 106 58 126 130 30 70 151 112 89 83 195 157 93 186 100 74 154 21 186 128 125 46 84 147 83 171 145 39 21 161 177 112 94 57 48 120 135 103 178 200 98 39 195 34 192 49 35 114 182 75 154 126 104 153 109 198 79 68 181 63 139 45 111 68 176 21 16 167 178 154 6 38 51 84 145 7 94 66 116 45 184 36 21 112 99 103 132 110 25 142 121 95 159 42 52 144 179 154 86 108 180 27 97 63 47 94 162 94 180 35 120 197 168 69 143 94 121 9 161 193 163 26 23 83 91 192 35 43 78 191 187 101 150 107 198 1 139 76 100 75 182 103 5 199 115
198
93 159 187 51 11 158 144 85 67 71 126 78 124 101 44 123 103 138 42 197 103 191 113 120 105 71 167 127 153 152 144 196 114 159 131 93 72 176 54 148 141 127 113 152 151 19 5 53 70 177 95 46 36 41 82 48 90 63 36 71 141 34 80 149 107 194 100 185 147 106 103 4 149 188 135 28 19 129 69 14 194 77 114 7 144 68 39 154 149 99 26 144 35 192 125 22 155 14 23 95 98 85 54 9 46 64 87 182 108 193 149 195 150 21 41 34 40 70 34 193 67 52 129 125 79 158 140 98 13 69 101 143 78 43 54 118 36 196 80 157 189 151 191 53 121 19 178 14 6 134 70 60 159 149 97 187 150 60 142 92 108 38 97 196 63 27 2 31 53 24 74 54 18 196 13 47 35 136 18 2 182 197 139 196 31 197 72 112 72 137 102 80 74 54 71 115 157 139
