10
99
87 73 9 11 1 31 65 45 99 7 93 27 57 99 84 99 18 58 86 61 60 25 76 35 77 47 5 41 77 93 91 63 59 14 5 2 67 17 46 25 94 89 12 24 44 28 42 72 47 96 16 70 35 11 48 42 62 67 86 43 93 54 75 65 32 16 56 79 78 35 19 2 32 10 44 53 25 11 11 18 52 92 84 68 93 83 21 17 69 9 10 88 82 7 22 73 47 50 13
97
16 72 21 33 97 66 83 19 22 60 41 28 73 42 52 61 43 15 68 60 5 16 42 53 28 64 36 42 12 57 58 45 46 59 22 75 25 40 10 100 73 33 88 78 79 20 68 90 17 76 52 100 98 65 47 33 53 16 57 31 66 79 35 15 77 10 92 87 5 39 16 65 10 54 17 93 49 34 15 6 31 59 7 29 98 91 42 61 17 49 41 75 99 53 90 52 83
100
70 94 72 5 97 82 82 13 18 61 82 49 65 4 9 61 82 11 26 3 90 50 12 99 48 55 10 23 85 81 19 45 75 83 83 12 98 2 16 11 12 55 57 83 96 68 93 15 88 49 29 94 71 77 18 83 48 27 56 4 83 18 94 2 23 56 30 98 57 50 30 53 63 42 1 24 33 15 26 72 31 82 36 89 88 19 6 97 19 81 39 15 32 47 93 18 26 21 89 97
98
28 6 75 19 53 54 52 89 85 32 62 36 25 69 48 72 51 67 71 90 44 56 28 11 69 50 47 32 77 8 28 65 58 35 95 52 74 87 93 8 8 50 38 68 23 53 54 86 68 42 59 39 10 29 20 98 39 43 81 30 48 34 50 16 76 68 58 47 54 27 75 36 100 80 94 40 87 17 9 1 63 37 20 57 24 19 46 72 31 6 67 41 6 88 73 72 86 45
100
56 61 42 63 4 22 81 34 62 73 92 10 99 66 34 44 82 39 65 70 39 26 51 52 54 21 14 81 24 89 23 51 72 36 86 80 38 3 81 38 80 28 78 31 54 14 2 83 40 57 43 56 28 80 25 18 39 94 71 13 18 55 52 61 19 40 58 89 69 46 26 65 87 92 33 20 10 19 73 63 80 12 30 32 40 73 42 28 32 67 39 89 84 48 43 61 45 38 25 79
100
26 28 2 43 73 16 57 73 31 53 82 72 93 39 22 38 56 47 33 14 41 69 37 87 88 85 79 25 80 16 80 23 80 17 40 82 79 99 2 51 25 64 79 36 68 41 79 92 20 89 13 51 20 87 71 76 2 33 52 48 85 18 77 70 68 74 68 12 68 100 46 61 9 3 30 50 93 64 23 53 5 51 23 26 48 55 51 82 26 8 59 84 89 97 94 94 1 13 62 16
98
78 26 4 11 37 19 92 77 33 7 86 32 58 46 56 2 14 20 15 94 64 51 99 84 41 43 96 69 68 87 58 66 70 80 48 5 6 33 26 59 18 89 13 58 20 55 65 26 87 2 93 52 65 2 14 80 33 49 79 12 58 3 70 42 10 84 99 53 28 25 64 5 79 88 23 89 65 86 80 26 37 38 54 5 29 29 63 10 83 75 95 100 52 94 86 2 13 76
100
88 56 86 89 3 2 21 83 12 1 19 85 90 38 83 27 90 15 7 42 10 12 86 22 39 29 92 65 9 9 55 25 34 99 46 43 76 53 28 26 33 69 13 88 31 96 66 83 81 78 36 21 37 37 16 42 63 28 2 65 95 30 70 16 84 29 29 93 13 3 86 77 27 51 17 53 51 70 1 2 73 22 96 88 77 26 58 4 100 16 46 98 80 75 92 83 25 20 96 93
97
2 52 83 48 97 33 59 10 49 44 47 40 85 86 39 87 69 16 62 57 14 4 22 48 100 35 63 48 83 6 47 74 64 83 31 58 36 61 80 6 23 4 25 77 8 26 45 88 17 38 48 59 52 19 13 82 10 97 48 43 80 80 20 88 55 45 10 19 42 66 50 72 20 54 77 22 79 6 84 58 34 29 98 30 11 3 26 58 31 62 71 3 35 19 97 54 84
97
27 21 27 17 36 60 24 10 49 48 95 66 76 43 59 79 81 96 13 28 25 51 42 41 34 48 38 87 90 8 2 15 23 91 21 55 2 53 32 19 41 37 92 72 21 99 32 49 68 18 78 60 12 50 18 55 27 90 91 85 16 64 2 43 87 8 99 88 24 38 12 67 88 14 37 53 96 89 44 55 92 83 41 8 83 46 85 6 33 5 16 82 87 22 82 87 25
