10
48
45 44 33 36 18 20 16 42 31 25 46 31 27 10 48 3 39 25 10 44 19 17 31 17 48 1 37 17 47 46 44 44 21 37 28 26 29 31 30 3 3 45 8 42 31 38 5 43
50
42 19 14 17 33 1 11 29 42 4 33 4 44 39 5 49 26 23 22 31 44 50 7 1 10 5 7 45 12 2 43 46 32 22 48 6 10 11 46 29 43 22 2 19 9 23 22 18 48 36
46
2 7 21 29 46 20 42 18 26 12 21 19 5 45 10 28 1 8 18 28 2 28 38 21 1 21 10 29 12 5 28 13 17 4 29 7 10 8 27 35 34 5 39 6 10 25
49
28 17 7 42 28 27 22 31 31 39 29 3 18 32 39 42 4 22 38 32 7 19 41 42 18 1 37 24 27 44 3 11 17 48 15 28 7 17 43 19 42 42 10 24 22 29 49 1 25
48
13 19 46 19 3 15 6 22 23 7 50 49 23 21 18 18 27 35 8 49 26 14 14 37 49 3 17 28 36 30 36 22 1 9 23 39 12 23 42 24 47 46 33 45 7 22 19 17
48
25 22 45 1 48 2 3 44 43 5 12 49 13 18 12 41 43 43 34 43 46 19 15 34 41 7 16 2 47 31 15 23 4 43 39 47 12 32 19 23 40 46 2 43 16 22 33 33
49
50 15 10 10 11 40 13 47 31 29 6 22 38 10 4 39 22 47 13 24 29 43 3 30 35 35 18 48 33 20 30 46 47 4 7 36 45 50 28 36 25 34 22 11 40 38 23 39 38
47
49 36 5 28 17 7 10 29 30 49 21 4 9 32 6 18 6 4 47 50 2 37 28 11 4 23 31 7 3 37 18 9 35 33 31 5 46 45 12 2 19 20 22 16 10 5 7
50
35 28 28 36 39 37 36 48 40 23 32 37 29 26 9 14 3 5 28 39 13 40 20 38 15 43 9 49 6 8 4 41 44 45 14 35 41 26 23 12 29 43 45 16 39 23 1 18 32 37
46
19 3 24 10 1 30 24 38 31 16 7 1 38 40 46 20 2 44 3 42 2 43 50 17 41 36 7 15 8 40 2 42 32 15 32 45 33 11 2 2 13 7 3 25 6 35
