10
50
30 34 38 48 30 40 37 20 28 19 28 7 28 1 3 6 2 39 4 37 15 43 2 37 28 26 3 3 6 9 21 46 4 11 1 5 6 44 24 39 23 40 42 38 47 50 14 37 41 44
49
14 28 10 11 26 45 10 44 46 24 49 45 14 23 6 23 2 38 19 17 32 42 37 49 46 19 16 43 18 47 47 32 44 36 42 31 41 14 25 13 47 16 38 32 25 26 48 24 33
48
5 22 17 29 4 27 34 27 3 32 29 45 17 41 40 37 8 30 5 27 40 24 20 38 37 41 36 11 20 13 28 26 40 3 25 9 45 5 32 27 44 19 49 2 37 4 33 38
49
27 23 48 13 50 17 34 45 35 28 26 23 2 18 43 4 33 27 4 22 21 23 7 48 43 15 3 13 19 48 3 42 36 43 38 25 42 23 20 27 29 12 22 38 8 20 22 36 29
47
8 33 23 43 39 50 6 31 28 21 3 16 47 47 14 30 36 48 45 38 19 35 40 8 27 13 6 47 39 35 26 6 41 38 19 13 48 8 3 49 47 32 21 37 12 46 37
48
38 39 44 44 36 44 20 44 43 20 18 14 30 32 30 15 1 31 44 4 11 36 17 1 5 2 31 27 28 47 24 22 11 33 3 3 48 3 45 50 11 47 40 37 33 31 47 37
46
5 15 9 35 43 7 2 6 21 41 48 5 32 31 15 18 23 13 30 13 22 10 31 34 34 42 13 43 43 28 6 2 40 38 13 48 25 44 12 35 50 43 33 27 17 15
49
42 15 30 2 4 5 20 2 25 39 29 39 15 7 44 33 48 6 10 20 2 7 34 6 1 38 23 41 30 34 44 11 45 43 48 13 45 8 10 45 5 7 11 32 13 39 19 43 2
47
1 47 19 36 45 17 14 26 6 29 5 32 31 7 32 20 45 8 19 45 40 49 28 8 23 32 14 13 48 31 41 5 50 33 22 19 7 23 5 20 13 40 12 40 21 17 4
50
26 47 41 2 5 46 1 50 19 41 39 32 32 49 29 27 10 20 22 14 20 27 50 35 3 2 45 34 43 40 32 44 20 45 14 10 42 19 31 36 11 19 33 23 20 6 43 1 33 22
