10
98
45 94 33 86 68 20 66 42 81 25 46 81 77 10 48 3 39 25 10 94 69 17 81 17 98 1 37 67 47 46 44 94 71 87 78 76 29 31 80 3 53 95 8 42 81 38 55 93 61 42 19 14 17 83 1 61 29 92 4 83 4 94 89 55 99 26 23 72 81 94 50 7 51 60 55 57 95 12 52 43 96 82 72 98 56 10 11 46 79 93 72 2 69 59 73 72 18 48
100
80 2 57 21 79 46 20 42 68 26 62 71 69 5 95 10 28 51 8 18 28 2 28 88 71 1 21 10 79 12 5 28 13 67 4 79 57 10 58 77 35 34 5 39 56 60 25 67 78 17 57 42 28 27 22 31 31 39 79 53 18 32 89 42 54 72 38 82 7 69 41 92 18 1 37 74 27 94 53 11 17 48 15 78 7 17 93 69 42 92 60 74 72 29 99 51 25 8 63 69
100
19 3 65 56 72 73 7 100 49 23 21 18 68 27 85 8 99 26 14 64 37 49 3 17 28 36 80 36 22 51 9 23 39 12 73 42 24 47 96 33 45 57 22 19 17 43 25 72 95 51 48 2 53 44 43 5 62 99 13 68 62 91 93 93 84 93 96 69 15 34 41 57 16 52 97 31 65 23 4 43 39 47 62 82 69 73 90 96 2 93 66 72 33 33 17 100 65 60 10 61
96
63 97 31 29 6 22 88 10 4 39 22 47 13 24 79 93 53 30 85 85 68 48 33 70 80 46 97 54 7 86 95 50 78 86 25 84 72 61 40 88 73 39 88 49 49 36 5 78 17 57 60 29 80 49 71 4 9 82 56 68 56 54 97 50 52 37 78 11 4 73 81 57 3 37 18 59 35 33 81 55 96 45 62 2 19 20 72 66 60 55 57 96 35 28 78 86
97
37 36 48 90 73 32 87 79 26 9 14 3 5 28 39 63 40 20 88 65 43 9 49 56 8 4 41 94 45 64 35 41 76 73 62 29 43 45 16 39 23 51 68 32 37 5 69 3 24 60 51 80 74 88 81 16 57 51 38 40 46 20 52 44 3 92 2 93 50 67 91 86 57 15 8 40 2 42 32 15 82 95 83 61 2 52 13 57 53 25 6 35 16 80 84 88 98
96
40 37 70 28 69 28 57 78 1 3 6 2 39 54 87 15 43 52 37 28 76 53 3 56 9 21 96 54 11 51 5 56 44 24 39 73 90 42 88 47 50 64 87 91 44 22 64 78 10 11 26 95 10 44 46 74 49 45 14 73 56 73 2 38 19 67 32 92 87 49 96 19 16 93 68 97 47 82 44 36 42 31 41 64 25 63 47 66 38 32 25 26 98 24 33 88
96
72 17 79 54 27 84 27 53 82 29 45 67 41 40 37 58 80 55 27 90 24 20 88 87 91 86 61 20 63 28 26 90 53 75 9 95 5 32 27 44 19 49 52 87 4 33 88 97 27 23 48 63 50 17 34 45 35 78 76 23 2 18 43 4 33 77 4 22 71 73 57 98 43 65 53 63 19 98 3 42 36 43 88 75 42 73 20 27 79 12 22 88 8 70 72 36
97
84 8 33 73 43 39 50 6 81 28 21 53 16 97 97 14 80 36 48 95 38 19 85 90 8 77 63 56 47 39 35 76 6 41 88 69 63 48 58 53 49 97 82 21 87 12 96 87 63 88 89 44 94 86 94 20 44 93 70 68 14 80 32 30 65 51 81 94 54 11 86 67 51 55 2 31 27 28 97 74 22 61 83 53 3 48 53 45 100 61 47 40 37 33 81 47 87
96
5 15 59 85 93 7 52 56 71 91 98 55 32 81 65 68 73 63 30 13 72 60 81 34 84 92 63 43 43 28 56 2 40 88 63 48 25 94 12 85 100 43 83 27 67 65 87 92 65 80 52 4 5 70 52 75 39 29 89 65 7 94 83 98 56 60 20 2 7 84 56 1 38 73 91 30 34 44 61 45 93 48 13 95 8 10 45 55 7 11 32 13 39 19 93 52
97
51 47 19 86 95 17 14 76 56 79 55 82 81 7 32 70 45 58 19 95 40 99 78 8 73 82 14 13 98 81 91 5 100 33 22 19 57 23 5 20 63 40 62 90 21 67 54 96 26 97 91 52 5 96 1 100 19 41 89 32 82 49 29 27 10 20 22 64 70 27 100 35 53 52 45 34 93 90 82 44 70 95 64 10 92 19 31 36 61 69 33 73 20 6 43 1 33
