10
100
7 83 37 61 71 97 28 61 43 14 60 75 35 82 31 28 66 12 51 59 23 30 64 36 65 1 93 52 67 9 64 6 87 75 9 46 98 90 69 17 66 83 84 14 35 86 63 55 67 3 17 82 53 6 89 29 56 92 56 15 41 19 57 81 71 17 62 48 92 38 90 94 93 29 67 40 18 18 97 100 5 99 38 1 88 35 13 57 32 37 9 62 38 75 65 83 73 21 73 67
100
67 78 28 33 83 72 10 59 79 28 9 8 100 36 88 20 25 11 12 85 36 90 77 95 93 8 2 96 90 43 95 35 30 83 71 21 38 42 81 29 33 23 12 44 99 19 70 36 5 41 26 45 91 33 1 22 11 7 55 73 28 67 15 36 88 68 90 50 62 14 43 53 67 45 45 93 42 45 1 51 90 81 99 53 15 32 20 87 70 69 77 39 59 56 13 24 57 88 36 71
100
91 41 33 12 55 34 27 76 81 29 10 35 44 31 20 53 2 69 96 96 36 64 73 73 59 25 33 50 65 56 28 36 30 35 51 98 35 92 47 61 99 33 99 93 14 18 24 49 32 9 26 46 26 76 100 73 72 36 91 49 35 74 30 92 100 45 37 75 21 87 7 23 11 86 46 57 32 79 72 39 71 10 81 61 2 37 7 44 20 78 92 52 17 52 42 26 29 49 25 87
97
45 58 23 24 65 91 69 50 56 18 73 29 68 53 100 88 70 80 59 30 89 84 84 96 9 63 96 37 12 51 31 63 80 81 35 33 87 93 66 63 8 38 22 45 19 34 79 10 39 61 79 52 55 78 2 89 1 31 67 45 47 33 97 3 68 97 76 19 10 9 95 40 17 58 28 34 5 66 35 92 52 80 24 58 88 97 96 48 35 6 96 11 91 98 75 75 53
97
79 39 67 39 7 26 71 100 7 65 47 3 65 77 8 1 75 96 50 16 22 77 91 48 7 21 3 40 78 41 90 53 60 65 89 65 15 29 67 45 3 90 42 22 25 62 44 45 23 51 75 12 18 99 87 11 94 76 88 36 60 31 70 69 78 41 23 24 88 31 47 7 29 15 65 15 61 100 4 9 74 99 3 69 51 23 24 30 12 76 39 99 18 7 80 48 53
99
84 39 27 33 97 56 85 31 43 38 53 19 46 53 51 56 72 28 39 87 87 18 46 56 46 74 68 30 44 17 42 2 9 57 23 48 10 23 94 71 38 21 9 99 56 44 58 33 89 15 88 95 95 66 72 92 29 57 88 74 35 38 20 27 98 48 14 37 61 83 97 8 13 83 80 36 81 90 56 16 72 34 46 58 21 69 38 98 1 66 40 71 71 88 65 7 8 1 41
97
58 77 83 23 77 43 9 9 74 30 38 92 98 56 80 40 91 10 81 30 87 42 98 90 7 13 34 35 65 13 86 30 76 62 5 91 33 62 74 81 76 23 57 69 46 67 100 21 37 99 3 2 55 86 12 21 32 97 93 75 17 84 42 70 98 67 31 9 70 89 32 96 57 51 2 33 43 95 90 80 27 13 42 59 67 1 96 80 89 34 27 87 92 80 61 79 72
98
81 42 56 82 70 59 73 72 61 47 77 19 89 46 82 76 5 6 77 63 23 21 56 100 29 7 15 52 70 68 30 18 38 32 71 41 11 44 89 95 69 45 71 4 4 24 80 23 47 24 66 93 34 38 50 80 7 74 63 20 100 22 47 18 87 72 66 88 81 15 1 6 94 1 14 53 47 14 42 42 95 53 83 1 79 65 42 19 92 63 15 66 93 36 30 5 29 10
100
39 95 7 46 28 52 57 48 27 90 73 27 93 13 38 16 75 18 71 50 66 60 4 10 71 31 44 47 33 68 75 21 57 12 69 2 30 23 83 66 58 11 92 32 9 60 87 43 66 86 68 27 29 16 81 90 91 5 27 61 45 64 76 37 20 9 84 75 82 41 35 95 31 39 48 29 4 9 63 36 63 4 60 94 38 95 94 66 32 93 79 74 8 77 70 13 14 39 78 88
97
6 72 59 15 75 41 29 99 80 87 23 79 32 70 77 99 8 84 39 27 73 34 54 24 46 31 59 71 77 58 46 33 97 50 25 3 53 25 36 8 87 48 72 2 11 61 40 10 27 5 25 15 13 11 15 31 65 45 6 75 4 97 2 44 84 9 91 91 78 95 35 92 66 42 96 74 4 98 51 4 96 68 19 16 28 68 65 49 11 21 54 25 40 89 82 8 86
