10
197
157 87 27 97 7 138 198 157 151 81 82 153 143 189 13 100 120 118 42 144 11 145 142 14 148 109 85 32 7 151 171 12 172 67 128 5 68 50 77 90 143 69 35 79 13 155 5 34 77 130 59 103 99 180 194 128 13 160 67 75 124 123 178 50 197 198 199 113 64 51 174 7 107 139 91 65 177 94 197 159 50 43 40 22 22 29 193 69 10 129 161 78 140 2 50 21 103 182 113 55 12 73 141 95 98 96 36 143 13 69 36 118 31 141 116 24 16 101 200 160 104 156 119 116 115 6 152 77 92 199 87 109 23 41 86 130 188 126 109 15 41 157 140 131 83 145 14 25 31 119 67 136 171 160 16 161 131 3 63 152 151 88 151 149 193 22 77 182 112 108 74 40 100 45 118 95 41 71 174 136 200 144 126 12 11 113 15 129 190 62 54 38 145 125 175 73 147
196
73 171 146 180 135 134 29 126 106 126 189 70 90 76 27 94 27 13 98 161 144 96 181 146 1 31 85 157 121 132 170 51 3 100 119 35 81 165 25 55 193 69 133 149 60 138 192 25 30 156 39 124 86 60 66 143 98 20 179 1 12 31 124 10 77 102 176 43 112 111 161 194 16 2 103 6 72 86 102 9 72 21 126 9 17 169 120 28 135 162 124 112 124 143 58 26 83 172 126 34 57 156 6 97 168 150 146 140 35 16 81 62 161 147 39 147 47 109 155 13 21 61 71 51 1 43 172 52 21 137 185 157 188 81 63 97 66 74 87 174 180 128 125 41 40 155 101 130 9 148 2 122 81 79 118 51 160 98 102 54 118 69 53 3 198 96 157 66 192 111 25 64 186 104 66 38 39 88 191 38 192 104 136 198 32 144 93 155 145 152 54 160 179 86 25 123
199
125 147 21 80 168 129 3 186 123 6 25 44 22 117 76 32 158 161 54 68 113 107 51 18 145 55 88 158 163 99 128 144 3 199 24 68 22 105 102 173 94 147 183 152 67 16 70 136 172 95 13 185 153 102 176 145 66 150 82 29 156 28 26 196 131 161 165 50 154 22 95 97 52 85 52 126 108 6 179 196 190 34 154 134 107 145 110 89 99 54 66 178 119 177 123 186 94 187 4 196 57 7 65 169 93 181 156 109 93 153 155 62 39 126 171 141 22 165 200 109 181 140 192 169 185 5 147 180 42 186 146 165 130 131 132 18 18 104 79 128 26 99 165 32 92 154 59 139 113 163 104 36 83 26 159 21 181 198 171 187 170 28 23 84 192 51 110 69 108 130 168 144 165 127 113 21 15 46 56 199 155 61 10 189 168 13 41 56 72 62 178 191 102 116 13 36 162 183 62
197
196 31 107 87 107 92 65 200 182 20 29 178 145 34 56 88 183 180 105 129 175 141 189 194 17 177 2 184 135 167 32 184 136 186 38 131 97 120 75 184 106 68 128 127 196 25 75 19 5 54 53 103 28 184 182 16 48 167 91 85 59 90 153 128 8 16 56 145 35 129 187 57 113 183 72 131 42 49 141 129 81 119 138 31 50 143 71 49 49 173 173 152 24 165 162 77 89 37 171 98 34 179 9 96 125 113 52 38 124 5 116 105 125 24 108 41 76 102 187 199 198 75 126 34 67 137 124 49 153 120 22 33 66 140 62 46 79 171 178 180 11 99 117 38 76 107 127 127 56 183 181 58 95 51 103 95 86 156 20 100 164 156 176 50 95 6 107 80 181 47 111 98 14 175 178 161 195 112 186 21 12 75 198 16 22 155 157 137 100 37 17 4 35 107 197 4 66
200
20 200 177 49 115 113 128 197 132 31 171 184 175 138 71 138 19 61 159 173 123 148 163 27 77 129 108 169 16 114 136 17 158 177 75 66 44 30 147 94 9 32 196 179 104 147 185 175 2 27 154 89 136 32 196 108 16 186 82 11 38 16 60 169 24 85 11 5 60 56 88 68 50 38 152 53 129 9 20 67 2 98 132 3 91 35 196 160 108 89 88 87 41 79 182 125 6 75 171 194 194 117 104 137 78 93 164 127 8 62 10 55 41 127 65 73 92 83 82 192 106 56 36 118 189 184 72 14 181 58 9 72 99 100 62 108 199 39 153 115 163 68 108 187 132 9 123 156 195 133 40 147 157 129 103 79 121 193 167 111 161 84 96 158 51 193 64 115 199 175 50 103 29 144 198 16 36 43 73 42 63 70 132 38 150 21 115 185 198 132 169 45 6 64 178 100 76 40 77 8
198
174 50 191 180 165 56 62 132 160 38 173 126 183 14 48 14 172 21 77 57 2 35 37 133 99 178 104 119 123 58 71 132 2 176 164 191 182 147 34 38 40 39 121 119 95 86 56 158 125 91 13 70 40 187 53 131 43 86 98 109 179 89 158 49 102 121 118 58 18 167 197 47 42 111 177 17 112 104 166 172 93 170 51 154 153 48 67 153 41 23 107 30 150 130 140 156 13 123 180 138 63 194 199 188 114 197 7 195 192 14 134 169 146 94 120 121 113 6 160 81 129 48 61 31 162 19 58 136 112 51 35 8 80 131 180 38 92 14 24 17 73 193 74 67 57 74 50 129 34 128 113 143 82 11 174 154 153 133 29 89 26 14 118 157 148 141 18 41 56 154 102 74 47 72 1 170 128 126 13 196 33 7 158 174 19 192 129 8 36 142 76 129 41 66 183 195 5 66
198
4 195 6 32 5 108 99 77 76 37 164 157 123 118 186 166 20 103 71 101 33 36 48 154 98 19 98 105 102 159 80 78 182 99 3 36 27 160 18 94 23 197 25 137 153 169 172 62 62 195 116 65 70 119 192 147 169 54 101 145 163 29 108 103 98 114 75 67 64 41 82 103 171 24 125 8 177 174 123 32 14 85 35 86 31 163 164 27 185 58 88 51 192 196 141 159 103 25 137 74 156 187 132 144 16 89 25 173 19 141 188 175 147 159 165 45 1 101 69 153 132 50 169 3 133 54 171 115 69 70 65 140 120 76 125 109 174 163 131 142 148 92 26 177 173 120 137 171 163 123 31 69 145 42 14 115 180 75 115 52 68 195 44 48 86 7 135 127 141 96 171 69 79 63 19 82 37 134 92 22 44 53 153 72 171 73 22 68 50 29 115 105 74 41 32 173 70 141
197
111 74 163 173 141 5 3 189 200 152 40 154 55 152 66 178 96 39 74 17 84 149 24 135 129 66 170 168 181 188 191 25 13 190 74 8 136 78 174 96 73 76 21 149 30 178 4 42 111 125 82 43 183 111 164 175 153 68 70 7 88 194 155 191 199 44 190 83 131 143 176 18 164 154 84 142 116 137 35 177 200 162 138 80 183 125 16 172 113 68 156 18 34 98 177 102 79 72 57 134 23 48 131 191 113 35 82 3 172 97 177 155 176 58 58 147 54 199 137 38 23 137 29 77 52 63 28 13 75 86 169 157 165 6 185 111 71 92 51 117 58 177 118 194 45 186 134 62 165 109 183 101 76 162 20 60 145 185 180 48 32 33 82 183 154 11 183 60 48 148 3 104 196 29 67 149 139 177 126 94 81 121 26 52 30 76 49 169 34 117 130 157 161 176 11 119 56
198
19 12 103 46 15 157 150 66 122 129 74 117 163 150 195 171 100 73 147 88 8 109 131 153 116 176 133 98 178 117 135 83 53 58 40 153 79 184 3 151 12 100 58 10 170 58 9 51 77 91 100 38 164 114 118 34 91 46 103 130 161 168 30 98 170 48 33 44 16 107 125 34 196 99 183 178 111 200 176 193 131 74 83 16 45 65 96 19 97 62 67 126 177 36 120 38 166 145 143 195 82 199 195 16 46 46 113 58 60 48 86 135 6 25 90 69 64 53 197 139 181 161 61 161 37 180 120 150 100 188 96 108 137 85 38 94 179 87 176 74 117 113 199 11 88 145 87 69 116 182 83 49 80 25 92 163 71 53 120 10 189 153 6 81 68 132 121 184 48 185 142 120 113 136 75 139 196 170 192 179 118 98 58 77 179 100 33 165 190 63 79 166 57 6 125 154 121 159
197
43 198 84 1 108 170 12 21 133 135 98 84 146 68 77 123 122 21 181 70 96 34 191 66 94 90 11 147 177 179 170 136 75 185 94 30 2 152 181 134 2 78 158 130 200 160 65 110 42 48 13 73 2 94 72 136 8 136 67 59 34 192 141 167 131 53 185 38 43 130 40 91 159 186 27 54 102 191 173 106 96 43 118 97 144 162 127 23 148 53 192 110 116 18 104 179 65 143 15 74 167 38 31 110 50 152 39 197 146 115 190 194 172 27 95 87 142 145 106 81 138 92 169 128 135 46 147 56 112 153 31 137 48 14 83 41 117 188 63 144 10 97 31 92 88 134 94 62 40 81 197 162 186 143 52 110 51 121 64 33 15 59 1 199 119 136 123 156 178 56 123 128 185 99 34 88 123 161 177 121 28 171 106 138 141 5 54 36 78 55 97 100 49 51 110 155 45
