10
198
145 94 33 86 168 120 166 142 81 125 46 81 77 10 48 103 139 125 10 94 69 17 81 17 98 1 137 167 47 46 44 194 171 187 78 176 129 31 80 3 53 195 8 42 181 138 155 93 161 142 19 14 17 83 1 61 129 192 4 183 4 194 189 155 199 126 123 172 81 94 150 107 51 60 55 157 195 12 52 143 96 82 172 98 156 110 111 46 179 93 72 2 69 59 173 72 118 48 36 80 102 57 121 179 46 20 42 68 26 62 71 169 105 195 110 128 51 8 118 28 102 128 88 71 101 21 10 79 12 5 28 13 67 104 179 57 110 158 77 35 34 5 39 56 160 25 67 78 17 57 42 128 27 122 131 31 139 179 53 118 132 89 42 54 172 38 82 7 69 141 192 18 1 137 174 27 194 153 11 117 148 15 178 7 17 93 169 142 192 60 174 72 129 199 151 125 8 63
197
96 19 3 165 156 72 173 107 200 149 123 21 118 68 27 85 8 199 26 14 64 37 49 3 117 128 36 80 136 22 51 109 23 39 112 173 142 24 47 196 133 145 57 122 19 17 43 125 172 195 51 48 2 53 144 43 105 162 199 113 68 162 191 193 93 84 193 196 69 15 34 41 157 116 52 97 31 65 123 104 43 139 47 62 182 69 173 90 196 102 93 66 72 33 33 117 200 65 160 10 161 190 163 197 131 29 106 122 88 10 4 39 22 47 113 24 179 93 53 130 185 185 168 148 33 70 180 46 197 54 107 186 95 50 178 86 125 84 172 61 40 188 173 39 88 149 149 36 105 178 117 157 160 129 80 149 71 104 9 182 156 68 156 54 197 150 52 37 178 11 104 173 181 57 3 37 18 159 35 33 181 155 96 145 162 2 119 20 72 166 60 155 157 96 135 128 178
200
189 137 36 148 190 173 132 87 179 126 109 14 103 5 28 39 163 40 20 188 65 43 109 49 56 108 104 41 94 45 64 35 141 176 173 62 129 43 45 116 39 23 51 68 132 37 5 69 3 24 60 51 180 74 88 81 16 57 151 138 140 46 120 152 44 3 192 102 193 50 167 91 86 157 15 108 140 102 42 32 15 182 95 183 61 2 152 113 157 53 125 106 35 16 80 84 188 98 180 140 37 70 28 169 128 57 178 101 3 106 2 139 54 87 15 143 152 37 128 176 53 3 56 9 121 196 54 11 151 105 156 144 24 39 173 190 42 88 147 150 64 187 191 144 122 164 178 110 11 126 95 10 144 46 74 49 145 114 173 56 73 2 138 119 67 32 92 187 49 196 119 16 193 168 197 47 182 144 136 142 31 41 64 125 163 147 166 138 32 125 126 98 124 33 88 55 72 117 79 54
199
84 27 53 82 29 45 167 41 140 137 58 180 55 27 190 24 120 88 87 91 186 161 120 163 128 26 190 153 175 109 95 105 32 27 144 19 149 52 187 104 33 188 197 27 123 48 163 150 17 34 45 135 178 76 123 2 118 43 104 33 77 104 122 171 73 57 98 43 65 53 163 19 198 3 142 136 43 188 175 142 73 120 127 79 12 122 88 8 170 172 36 129 84 108 133 73 143 139 150 6 81 28 121 153 116 197 97 14 180 136 148 195 138 119 85 190 108 77 63 56 47 39 135 176 6 41 88 169 163 148 58 53 149 97 82 121 187 112 196 87 63 88 189 144 94 186 94 120 44 193 170 168 114 180 32 30 65 151 81 94 54 11 186 67 151 55 2 31 27 128 197 174 22 161 83 53 103 48 153 45 200 61 47 40 137 133 81 47 187 115 105 115 159 185 93 107 52 156 171
200
198 155 32 181 165 168 73 63 30 113 72 60 181 34 84 92 63 43 43 28 56 102 40 188 63 148 25 94 12 185 200 143 183 127 167 65 87 92 65 80 152 104 105 70 52 75 139 29 189 165 7 94 83 98 56 60 20 2 107 184 56 101 38 73 191 130 34 144 161 145 193 48 13 95 8 110 45 55 107 11 32 13 39 19 93 152 9 51 147 119 186 95 117 14 176 156 179 55 82 181 107 32 70 45 158 119 95 40 199 78 108 73 82 14 113 198 181 91 105 100 133 122 19 57 23 105 20 63 140 162 190 21 67 54 96 126 197 191 152 5 96 101 200 19 41 189 132 82 149 129 127 10 120 22 64 70 127 200 135 53 52 145 34 193 190 182 44 70 195 164 110 192 19 131 36 61 69 33 73 120 6 143 101 133 72 87 73 9 11 101 131 165 145 199 107 193 127 57 199 184
197
18 158 86 61 160 125 76 35 177 47 5 41 177 193 191 63 59 14 5 2 67 17 146 125 94 89 12 24 144 128 42 172 147 96 116 70 135 111 48 42 162 167 86 43 193 154 75 65 132 116 56 179 178 135 19 2 32 10 144 153 125 11 111 18 52 92 184 68 193 183 21 117 169 109 110 88 82 7 22 73 47 50 113 119 16 172 121 33 97 66 183 119 22 60 41 128 73 142 152 61 43 15 168 60 5 16 142 153 128 164 136 42 112 57 158 45 46 159 22 75 125 40 10 100 73 33 88 178 79 120 168 190 17 76 52 200 198 165 47 33 153 116 57 31 166 179 35 115 77 10 192 187 105 39 16 65 10 54 117 93 149 34 15 106 31 159 7 29 98 91 142 161 117 149 41 175 199 153 90 52 83 71 170 194 172 5 197 82 82 13 118 161 182 149 65 104 9
200
182 11 26 103 90 150 12 99 148 55 10 123 85 81 19 145 75 183 183 112 98 2 116 11 12 155 157 83 196 168 193 15 88 49 29 94 71 77 118 83 148 127 156 104 83 118 94 102 23 156 30 198 57 50 130 53 63 42 101 124 133 15 126 72 31 182 136 189 188 19 106 197 19 81 139 15 32 47 193 18 26 121 189 197 83 128 106 175 119 153 154 52 89 185 132 162 36 125 169 148 172 51 67 71 190 44 156 28 111 169 50 147 32 77 108 128 165 58 35 195 152 174 187 93 108 108 50 38 168 23 153 154 86 68 142 59 139 10 29 20 198 39 143 81 30 148 134 150 116 76 68 58 47 154 127 175 36 100 80 94 40 187 17 109 101 63 37 120 57 24 19 146 72 131 106 67 141 6 88 73 72 186 45 91 56 161 42 163 4 22 81 134 162 173 192 110 199 66 134 144
199
139 65 170 139 126 51 152 154 21 14 181 124 89 23 151 172 136 186 180 138 3 181 38 80 28 178 131 154 114 102 83 140 57 143 56 128 80 125 18 139 94 171 13 18 55 152 61 19 140 58 89 169 146 26 65 87 192 133 120 10 19 73 63 80 112 30 32 140 73 142 128 132 167 39 189 184 48 43 61 145 138 25 179 121 26 128 102 143 73 116 157 73 131 53 82 172 93 39 22 38 156 147 33 14 141 69 137 187 188 185 179 25 180 16 180 23 180 17 140 182 79 99 102 151 25 64 179 136 68 41 179 92 20 189 113 151 120 87 171 176 102 33 152 48 185 118 177 70 68 174 168 12 168 200 46 161 109 3 30 50 93 164 23 53 105 51 23 126 48 155 51 182 26 108 159 184 89 97 194 94 101 113 62 16 148 178 26 4 11 137 119 192 77 133 107 86 132 158 46
200
2 14 20 115 94 64 51 199 184 41 143 96 169 168 87 158 166 170 180 148 105 106 133 26 159 118 89 13 158 20 155 165 126 87 2 193 52 65 102 14 180 133 149 79 12 58 103 70 142 110 184 99 53 128 125 164 105 79 88 23 89 65 186 80 26 137 138 54 5 29 129 163 110 83 75 95 200 52 94 186 102 13 176 1 188 56 186 189 3 102 21 83 12 101 119 185 190 138 83 27 90 115 107 42 10 12 86 122 139 129 192 165 9 109 155 125 134 199 46 143 176 53 128 26 33 69 113 188 31 96 66 183 81 78 136 21 37 137 116 142 63 28 102 165 95 30 170 116 84 129 129 93 113 3 86 177 27 51 117 153 51 70 101 2 173 22 196 88 177 26 158 4 100 116 46 98 80 175 92 183 25 120 196 93 149 102 52 83 148 97 33 59 10 49 144 47 140 85 186 39
199
169 16 162 57 14 104 122 48 200 35 63 148 183 6 147 174 164 83 31 58 36 61 80 106 23 104 125 77 108 26 145 88 117 138 48 59 152 19 113 182 10 97 48 143 180 80 20 88 55 45 10 119 42 66 150 172 120 154 77 22 179 106 84 58 134 129 198 130 111 103 126 58 131 62 71 103 35 19 97 54 184 104 27 121 27 117 36 160 124 10 149 148 95 66 76 43 59 179 81 96 13 128 25 151 142 141 34 148 38 87 190 108 2 15 23 191 21 55 2 153 32 119 41 37 192 72 121 199 32 49 68 118 78 160 112 50 118 155 27 190 191 85 16 64 102 143 87 108 199 88 24 38 12 67 188 14 137 53 96 89 144 55 92 183 141 8 83 146 85 6 133 105 116 182 187 122 182 187 125 21 7 183 37 61 171 197 128 61 143 114 60 75 135 82 131 128 166 12 51
