10
197
23 30 64 36 65 1 93 152 67 9 164 6 87 175 9 146 98 90 69 117 166 83 84 14 135 86 163 155 67 103 117 82 53 106 89 29 156 192 56 15 141 119 157 181 71 17 162 48 192 138 90 94 93 129 67 140 18 18 197 100 5 199 138 101 188 35 113 57 132 137 109 62 138 175 165 183 173 21 73 67 121 167 78 28 133 83 72 110 59 79 128 109 108 100 36 88 120 25 11 12 85 136 190 77 195 93 8 102 196 190 43 95 35 130 183 71 21 138 142 181 29 133 23 112 144 99 19 170 136 5 41 126 145 191 133 1 22 11 107 55 173 128 167 15 36 88 68 90 150 162 114 143 53 167 45 145 93 42 145 101 151 90 181 99 53 115 132 20 87 170 169 177 139 59 156 113 124 57 188 36 171 16 91 141 33 12 55 134 127 176 81 29 110 135 44 131 20
198
2 169 196 96 36 64 73 173 159 25 133 50 65 156 28 36 30 135 151 98 135 92 147 161 99 33 99 193 14 18 124 149 132 9 26 46 126 76 100 73 72 36 191 149 35 74 130 192 100 145 37 75 121 187 7 123 111 86 46 157 32 79 172 39 171 10 81 61 102 137 7 144 20 178 192 52 17 152 42 126 129 149 25 87 24 45 158 123 24 65 91 169 50 56 18 73 129 68 153 200 188 70 80 59 130 89 184 184 96 9 63 96 137 12 151 31 63 80 81 135 133 87 193 166 63 108 138 122 145 119 34 179 10 39 61 179 52 55 178 2 189 101 31 67 45 147 133 197 3 168 97 76 19 110 9 195 40 17 158 128 34 105 166 135 92 52 80 124 58 188 97 196 48 35 106 96 11 91 98 75 75 53 169 79 139 167 139 107 126 71 100 7 165 147 103 65 177 108
200
75 96 50 116 122 77 91 48 7 21 103 40 178 141 90 53 60 165 89 165 15 129 67 45 103 90 142 122 125 162 144 45 23 51 75 12 118 199 187 111 94 76 88 136 60 131 70 169 178 41 123 24 188 131 47 107 29 115 165 115 161 100 4 9 74 199 3 69 151 23 24 130 12 76 39 99 118 7 80 48 53 17 184 39 127 133 197 156 85 131 43 38 53 119 146 53 51 56 172 28 39 187 87 18 46 156 146 74 68 130 44 17 142 2 109 157 123 148 110 123 194 171 38 21 109 199 156 44 58 133 189 15 88 95 95 166 72 192 29 157 188 74 135 138 20 27 198 48 114 37 61 83 97 8 113 83 180 36 81 190 56 16 172 134 46 58 21 69 138 98 101 166 40 171 171 88 165 107 8 1 141 194 158 177 183 23 177 43 109 109 174 130 38 192 198 156 180 40 191 110
200
130 87 142 98 90 107 113 34 35 65 13 186 30 176 162 5 91 133 162 74 181 76 123 57 169 46 67 200 21 137 199 103 2 55 186 112 21 32 97 193 175 117 84 42 70 98 67 131 109 170 89 132 96 57 151 102 133 43 195 90 180 27 113 142 59 67 1 196 80 89 34 27 187 192 80 161 79 172 73 181 142 156 82 70 59 173 72 61 147 177 119 89 46 82 76 5 106 77 63 123 21 56 100 29 107 115 152 170 68 30 18 38 132 171 41 11 144 89 95 169 45 171 104 104 24 80 23 147 124 66 93 34 38 150 80 7 74 163 120 100 122 47 118 87 172 66 88 181 115 1 106 94 101 114 53 47 14 142 142 95 153 183 1 179 165 42 19 92 63 15 66 93 36 130 5 129 110 126 39 95 7 146 28 52 57 48 27 190 73 127 93 13 38 16 175 18 171 150 166 160
197
10 171 31 144 47 133 68 175 121 57 12 169 2 130 123 183 166 58 11 92 32 9 60 187 143 66 186 68 127 129 16 81 90 91 105 27 161 45 64 176 137 20 109 184 75 182 141 135 195 31 39 48 29 104 109 63 36 63 4 60 94 38 95 94 66 132 93 79 74 8 77 170 113 114 39 178 188 129 6 172 159 115 175 41 129 199 180 187 23 79 32 70 77 99 8 184 139 27 73 134 54 124 146 31 59 171 77 58 46 33 97 150 125 3 153 125 136 8 87 148 72 102 11 61 40 10 127 105 125 115 113 111 15 131 65 45 106 175 4 197 2 144 184 109 91 91 78 95 135 92 66 42 96 174 104 98 151 4 196 68 119 16 28 168 65 49 111 121 54 25 140 189 182 8 186 63 184 92 27 26 161 34 8 140 194 157 13 58 199 104 82 90 89 48 148 104 44
196
22 15 79 185 36 180 81 168 195 72 24 4 110 13 7 91 31 163 66 125 198 131 66 98 67 24 152 74 1 84 158 157 89 189 110 122 147 37 124 136 140 153 63 103 87 10 102 80 100 1 42 166 8 124 180 197 18 1 152 44 186 26 70 66 183 121 144 77 14 135 103 3 3 104 102 91 197 1 149 120 85 40 130 78 16 42 25 10 184 160 83 56 25 122 62 36 77 42 96 24 122 76 3 94 72 174 114 59 123 179 157 11 81 177 3 153 63 7 92 165 198 148 123 19 30 160 191 7 36 56 31 52 61 148 6 59 154 159 48 130 134 8 103 40 47 95 84 24 107 196 155 167 169 163 168 193 160 181 162 90 42 161 133 118 83 132 195 82 125 101 91 36 148 125 35 9 90 159 157 194 168 81 191 144 178 130 185 84 126 188 101 14 180 52 50 28
198
147 88 3 128 97 127 176 18 184 150 151 75 126 72 44 130 92 17 198 178 173 100 124 122 168 178 117 95 83 35 113 118 62 87 180 104 47 175 87 113 162 197 185 104 55 109 102 145 123 133 117 121 102 4 100 43 110 3 9 196 52 56 20 12 12 18 119 131 185 96 129 117 34 71 145 81 156 114 134 123 48 132 195 73 69 91 157 86 19 45 27 129 31 13 42 71 32 18 40 139 3 171 60 171 158 159 31 38 128 87 94 48 75 8 122 197 165 58 72 63 57 22 127 113 90 176 37 102 77 197 199 126 121 170 2 25 45 175 86 38 197 5 43 156 178 71 191 61 38 15 115 177 68 19 111 74 164 19 84 41 22 41 130 154 39 32 96 52 160 57 31 86 96 24 85 61 197 189 17 129 48 140 194 20 197 51 44 151 145 11 69 56 100 163 92 190 187 98
198
9 6 18 99 22 127 175 176 121 102 118 186 34 132 44 118 95 131 186 17 15 125 83 76 23 175 133 121 53 68 42 188 156 17 28 69 157 103 126 1 95 192 1 148 89 79 161 18 120 109 107 146 18 32 135 76 169 41 95 7 155 47 193 56 25 147 116 85 52 104 25 200 191 67 45 156 151 6 112 86 21 7 37 141 167 85 128 172 124 113 98 69 3 66 47 80 96 163 17 95 121 8 166 29 53 90 8 168 103 20 133 109 20 72 73 189 153 40 97 95 91 32 143 19 23 35 51 139 138 87 173 135 84 80 142 97 68 31 52 48 122 200 192 147 138 98 56 160 38 107 64 81 17 18 112 47 30 6 37 55 29 139 127 91 22 117 177 13 182 71 123 178 170 7 104 56 118 78 114 11 65 117 22 107 73 44 147 171 113 111 150 166 128 36 31 95 34 146
196
127 34 38 70 23 92 135 149 3 66 38 46 78 100 111 154 123 162 44 160 43 36 117 102 26 145 102 40 122 114 158 55 131 150 25 10 86 143 125 31 174 97 115 143 114 55 97 50 65 154 119 60 126 45 112 90 139 49 148 176 9 94 146 74 15 104 62 4 64 147 105 196 152 72 116 195 100 181 190 114 111 74 140 89 62 53 84 35 22 6 45 17 86 118 120 99 64 35 118 190 182 140 108 153 28 110 138 43 28 22 48 191 44 149 35 10 141 11 7 70 66 78 121 101 81 163 96 71 76 85 167 189 143 164 57 70 159 65 130 49 38 27 62 79 13 88 92 59 81 44 176 132 200 20 58 60 43 27 35 43 120 81 16 182 126 111 160 94 115 117 133 16 102 182 116 162 46 8 39 48 165 160 144 37 105 128 15 149 39 145 73 158 200 89 54 155
198
128 143 109 26 38 37 121 39 174 29 199 118 63 37 154 184 183 23 162 15 24 173 62 24 170 143 119 34 32 55 151 160 163 197 93 140 108 180 197 152 184 197 88 71 156 52 196 152 155 49 31 199 80 151 93 65 76 113 163 163 141 186 33 86 149 195 196 30 175 39 99 71 186 145 190 23 102 68 182 86 199 89 29 72 115 194 6 81 155 114 106 4 193 52 91 11 140 31 92 64 197 69 179 64 172 196 80 78 125 61 130 108 160 3 150 151 171 181 178 190 1 19 89 167 189 69 14 149 169 200 126 182 172 52 5 147 102 108 144 129 150 42 69 46 75 72 72 44 146 30 88 155 55 113 93 167 198 11 70 139 27 107 190 92 110 72 21 46 103 75 187 83 63 69 92 56 133 87 163 154 129 73 144 7 117 93 159 141 141 27 89 38 19 115 127 51 117 137
